FD=3
Warning! IMU sync sequence took longer than 4 bytes!!
-0.010712  0.980988  0.005219 -0.243182 0.165166 -0.255054; 
-0.009888  0.976318  0.004028 -0.245226 0.163600 -0.256359; 
-0.010437  0.976501  0.005310 -0.245574 0.163774 -0.255750; 
-0.007324  0.976135  0.004395 -0.242747 0.163600 -0.255576; 
-0.008881  0.976868  0.007599 -0.243748 0.164861 -0.255402; 
-0.006866  0.979889  0.006409 -0.245313 0.164296 -0.256185; 
-0.008881  0.977875  0.006592 -0.244444 0.162209 -0.255402; 
-0.009888  0.982910  0.007141 -0.243965 0.164470 -0.255402; 
-0.009613  0.982635  0.007416 -0.243878 0.164818 -0.255837; 
-0.011993  0.980988  0.006866 -0.245966 0.162904 -0.256359; 
-0.009705  0.983551  0.006683 -0.244791 0.163861 -0.255837; 
-0.010803  0.983551  0.006134 -0.242834 0.164122 -0.255054; 
-0.011444  0.980164  0.006226 -0.245400 0.164209 -0.255837; 
-0.008698  0.977234  0.003571 -0.245661 0.163774 -0.256098; 
-0.008331  0.978149  0.004303 -0.243878 0.163078 -0.255402; 
-0.006958  0.978973  0.004944 -0.243269 0.164383 -0.255402; 
-0.007965  0.976868  0.007233 -0.244530 0.164905 -0.255663; 
-0.008514  0.974487  0.006226 -0.245966 0.162426 -0.256185; 
-0.008789  0.979614  0.005127 -0.243791 0.163948 -0.255576; 
-0.008698  0.980988  0.006317 -0.243878 0.165253 -0.255315; 
-0.010895  0.981720  0.008057 -0.245487 0.163687 -0.256098; 
-0.010437  0.980804  0.009430 -0.245400 0.163948 -0.255663; 
-0.010071  0.982086  0.007141 -0.243182 0.164296 -0.255576; 
-0.009979  0.981903  0.004578 -0.244226 0.164557 -0.255402; 
-0.009796  0.983276  0.005310 -0.245574 0.164296 -0.255837; 
-0.009430  0.983002  0.006226 -0.244878 0.162165 -0.255750; 
-0.010895  0.979340  0.005951 -0.243356 0.164383 -0.255228; 
-0.007416  0.977325  0.004028 -0.244617 0.165253 -0.255489; 
-0.008789  0.977692  0.004669 -0.245966 0.163426 -0.256011; 
-0.009338  0.981445  0.006409 -0.244530 0.163600 -0.255576; 
-0.006775  0.976868  0.005676 -0.243269 0.164209 -0.255141; 
-0.010071  0.980072  0.007141 -0.245139 0.164731 -0.255837; 
-0.009155  0.982086  0.005951 -0.246140 0.163687 -0.256098; 
-0.009888  0.981628  0.007141 -0.243269 0.163165 -0.255402; 
-0.011627  0.982086  0.005493 -0.243791 0.164209 -0.255054; 
-0.009338  0.980255  0.007416 -0.245052 0.164731 -0.255489; 
-0.010895  0.977509  0.006866 -0.245226 0.162513 -0.255924; 
-0.008606  0.977692  0.005859 -0.244052 0.164296 -0.255315; 
-0.009247  0.981354  0.004852 -0.243356 0.165253 -0.255663; 
-0.009705  0.982178  0.007874 -0.245966 0.164209 -0.256098; 
-0.009979  0.978607  0.006683 -0.245139 0.163687 -0.255837; 
-0.008972  0.976959  0.004028 -0.243008 0.163513 -0.255663; 
-0.009521  0.978790  0.004669 -0.244791 0.164992 -0.255837; 
-0.007324  0.979706  0.006592 -0.245139 0.164296 -0.255663; 
-0.008240  0.978424  0.007782 -0.244791 0.163078 -0.255402; 
-0.009155  0.980804  0.005493 -0.243791 0.164209 -0.255576; 
-0.008240  0.983643  0.007599 -0.243965 0.165340 -0.255489; 
-0.010712  0.980530  0.006134 -0.245748 0.163252 -0.256185; 
-0.010345  0.979156  0.008514 -0.244226 0.164122 -0.255576; 
-0.009613  0.978882  0.006683 -0.242921 0.164296 -0.254794; 
-0.011078  0.981628  0.007599 -0.245052 0.164383 -0.256011; 
-0.009064  0.978424  0.006317 -0.245748 0.163600 -0.255924; 
-0.008789  0.977966  0.006042 -0.243791 0.163426 -0.256011; 
-0.008423  0.980164  0.006409 -0.243226 0.164600 -0.254881; 
-0.008331  0.981445  0.003754 -0.245226 0.164644 -0.255837; 
-0.008423  0.980988  0.005859 -0.245400 0.163078 -0.255837; 
-0.009979  0.980255  0.006226 -0.243965 0.163948 -0.255315; 
-0.008881  0.978699  0.007507 -0.243617 0.165514 -0.254794; 
-0.008881  0.982178  0.005951 -0.245487 0.163513 -0.256359; 
-0.010345  0.980255  0.006866 -0.245400 0.163948 -0.256011; 
-0.009705  0.976044  0.006042 -0.243704 0.163861 -0.255489; 
-0.010803  0.979889  0.006775 -0.243922 0.164426 -0.255663; 
-0.010254  0.981079  0.006958 -0.245705 0.164339 -0.255576; 
-0.009155  0.980072  0.007141 -0.244617 0.163078 -0.255837; 
-0.009979  0.978607  0.005768 -0.243965 0.164731 -0.255402; 
-0.009338  0.981903  0.006500 -0.244704 0.165340 -0.255141; 
-0.009247  0.979523  0.005402 -0.245879 0.162991 -0.256272; 
-0.009705  0.978333  0.005310 -0.244878 0.163165 -0.255576; 
-0.008789  0.978424  0.005402 -0.242747 0.164470 -0.255054; 
-0.009613  0.977051  0.007416 -0.245226 0.164557 -0.255837; 
-0.009064  0.979523  0.005402 -0.246227 0.164122 -0.256185; 
-0.009338  0.978516  0.007233 -0.243443 0.163426 -0.255141; 
-0.010254  0.977692  0.005768 -0.243965 0.165079 -0.255141; 
-0.008240  0.984009  0.005310 -0.244791 0.164818 -0.256011; 
-0.010712  0.979340  0.006683 -0.246053 0.162991 -0.255576; 
-0.010345  0.978882  0.006958 -0.244357 0.164296 -0.255837; 
-0.009064  0.979980  0.005310 -0.243530 0.164731 -0.255402; 
-0.009430  0.983093  0.005493 -0.245574 0.164035 -0.256272; 
-0.008972  0.982452  0.006866 -0.245009 0.163731 -0.255924; 
-0.010254  0.977783  0.006683 -0.243530 0.164122 -0.255054; 
-0.010529  0.978699  0.007690 -0.244617 0.165427 -0.255576; 
-0.009888  0.979980  0.003662 -0.245400 0.164122 -0.255663; 
-0.010437  0.979797  0.005493 -0.244704 0.162730 -0.255837; 
-0.011078  0.976318  0.005859 -0.243748 0.163992 -0.255228; 
-0.008423  0.978973  0.007965 -0.244357 0.165514 -0.255402; 
-0.009155  0.979889  0.007233 -0.245879 0.163948 -0.256185; 
-0.008514  0.982635  0.006683 -0.244357 0.163426 -0.256011; 
-0.006958  0.980164  0.005951 -0.243443 0.164644 -0.254881; 
-0.010529  0.984650  0.006134 -0.244530 0.164209 -0.255750; 
-0.010803  0.983917  0.005035 -0.246140 0.163687 -0.255750; 
-0.010529  0.981171  0.005768 -0.244139 0.163687 -0.255315; 
-0.010986  0.977234  0.006409 -0.243095 0.165079 -0.255141; 
-0.010620  0.977875  0.005310 -0.245879 0.164992 -0.255576; 
-0.008606  0.977325  0.006134 -0.245139 0.162600 -0.256620; 
-0.009705  0.976135  0.006134 -0.243878 0.164383 -0.255576; 
-0.007690  0.978516  0.005859 -0.243617 0.164992 -0.255576; 
-0.008240  0.979431  0.007050 -0.245226 0.164296 -0.256011; 
-0.010254  0.981628  0.006226 -0.245879 0.163513 -0.255837; 
-0.009613  0.979889  0.008148 -0.242921 0.164209 -0.255228; 
-0.010712  0.980530  0.007141 -0.244226 0.164992 -0.255663; 
-0.008514  0.983368  0.005768 -0.245487 0.164557 -0.256446; 
-0.011444  0.980896  0.005951 -0.244530 0.162600 -0.255489; 
-0.011902  0.979523  0.005676 -0.243443 0.164557 -0.255576; 
-0.009338  0.978699  0.005859 -0.244052 0.165253 -0.255228; 
-0.011353  0.981445  0.005402 -0.245966 0.163600 -0.256011; 
-0.007416  0.978424  0.006317 -0.244617 0.163426 -0.255750; 
-0.009247  0.978149  0.006042 -0.242747 0.164557 -0.255315; 
-0.008057  0.981262  0.007416 -0.245226 0.164818 -0.255663; 
-0.008148  0.981903  0.004944 -0.246140 0.164209 -0.255924; 
-0.007141  0.980988  0.006866 -0.243704 0.163252 -0.255489; 
-0.010712  0.982361  0.005768 -0.243704 0.164818 -0.255576; 
-0.008240  0.984467  0.006866 -0.245052 0.164731 -0.255750; 
-0.010803  0.983093  0.006134 -0.246140 0.162817 -0.256272; 
-0.010712  0.980072  0.006683 -0.243530 0.163948 -0.255141; 
-0.011627  0.978790  0.005493 -0.243704 0.164818 -0.254967; 
-0.010437  0.979889  0.005859 -0.245661 0.163818 -0.256185; 
-0.010162  0.977692  0.005859 -0.245313 0.163252 -0.255750; 
-0.008514  0.974945  0.005768 -0.243356 0.164035 -0.254967; 
-0.008881  0.975952  0.006409 -0.244139 0.164383 -0.256011; 
-0.008606  0.977783  0.004944 -0.245879 0.164209 -0.255750; 
-0.006866  0.981079  0.006592 -0.244530 0.162730 -0.256011; 
-0.009430  0.981720  0.006226 -0.243269 0.164122 -0.254881; 
-0.007874  0.984283  0.007416 -0.244357 0.165731 -0.255402; 
-0.010529  0.980530  0.005310 -0.245879 0.162991 -0.255750; 
-0.012909  0.983276  0.006683 -0.244704 0.163861 -0.255489; 
-0.010529  0.982086  0.006592 -0.242747 0.164818 -0.255228; 
-0.012177  0.983459  0.006042 -0.244791 0.164122 -0.255663; 
-0.008789  0.980072  0.005402 -0.246053 0.164122 -0.255837; 
-0.009430  0.976685  0.003845 -0.243617 0.162904 -0.256011; 
-0.009705  0.977875  0.003571 -0.243878 0.164818 -0.255402; 
-0.007965  0.978699  0.006409 -0.244878 0.165340 -0.255750; 
-0.008057  0.978241  0.005219 -0.245661 0.162513 -0.256011; 
-0.008606  0.976410  0.007324 -0.244226 0.164035 -0.255315; 
-0.010712  0.976593  0.008331 -0.243356 0.165601 -0.255315; 
-0.009521  0.981262  0.009247 -0.245661 0.164383 -0.255576; 
-0.009430  0.983368  0.007416 -0.245226 0.163687 -0.255489; 
-0.009705  0.983093  0.006866 -0.243269 0.164035 -0.254967; 
-0.011902  0.980438  0.006317 -0.244052 0.165514 -0.255663; 
-0.011902  0.981079  0.004578 -0.245313 0.164383 -0.255924; 
-0.009796  0.980988  0.004578 -0.244965 0.162600 -0.255402; 
-0.010437  0.981079  0.004395 -0.243965 0.164209 -0.255402; 
-0.007690  0.979065  0.004761 -0.243878 0.165427 -0.255402; 
-0.008789  0.977966  0.003754 -0.245966 0.163165 -0.256011; 
-0.008881  0.977692  0.006134 -0.244444 0.163513 -0.255489; 
-0.009888  0.976593  0.005402 -0.242921 0.164296 -0.255402; 
-0.008240  0.978058  0.006775 -0.245139 0.164383 -0.255750; 
-0.007599  0.981079  0.007874 -0.245966 0.163861 -0.255837; 
-0.009430  0.982819  0.008057 -0.244139 0.163078 -0.255837; 
-0.011261  0.979156  0.007874 -0.243095 0.165427 -0.255228; 
-0.010254  0.981171  0.006226 -0.245139 0.164731 -0.255750; 
-0.010529  0.982178  0.006866 -0.245748 0.163078 -0.256098; 
-0.010986  0.983002  0.006134 -0.243965 0.163687 -0.254967; 
-0.009796  0.978424  0.005127 -0.243356 0.164992 -0.255402; 
-0.009979  0.980988  0.004669 -0.245487 0.163600 -0.256011; 
-0.009338  0.979065  0.005859 -0.245661 0.163948 -0.255750; 
-0.007416  0.976318  0.005219 -0.243095 0.164209 -0.255576; 
-0.009888  0.981628  0.006226 -0.244139 0.164992 -0.255315; 
-0.007690  0.979889  0.004761 -0.245661 0.164557 -0.255750; 
-0.009796  0.978424  0.006500 -0.244357 0.162904 -0.255576; 
-0.010895  0.974945  0.005768 -0.243878 0.164383 -0.255315; 
-0.007782  0.981720  0.006317 -0.244444 0.165427 -0.255228; 
-0.009796  0.985657  0.008423 -0.245879 0.163426 -0.256011; 
-0.010529  0.981262  0.007599 -0.245139 0.163687 -0.256098; 
-0.009064  0.979340  0.005127 -0.242921 0.164470 -0.255054; 
-0.012543  0.980164  0.005859 -0.245226 0.164383 -0.254967; 
-0.009796  0.982178  0.005310 -0.246140 0.163948 -0.256011; 
-0.009155  0.979980  0.006042 -0.243704 0.162817 -0.255402; 
-0.008057  0.979797  0.004303 -0.244139 0.164818 -0.255141; 
-0.008057  0.979340  0.004944 -0.245052 0.164905 -0.255576; 
-0.010162  0.975586  0.005676 -0.245661 0.163078 -0.256272; 
-0.008789  0.978424  0.005402 -0.243965 0.164035 -0.254794; 
-0.008606  0.982178  0.004120 -0.242921 0.164731 -0.254967; 
-0.010254  0.978424  0.007141 -0.245879 0.164122 -0.255924; 
-0.008423  0.978516  0.007050 -0.244791 0.163165 -0.256185; 
-0.010071  0.979065  0.006683 -0.243530 0.163687 -0.255489; 
-0.009796  0.984558  0.008698 -0.244444 0.165253 -0.255228; 
-0.009064  0.981903  0.005585 -0.244965 0.164296 -0.255315; 
-0.010712  0.979523  0.006500 -0.245139 0.163078 -0.255837; 
-0.011078  0.981537  0.003845 -0.243008 0.164818 -0.255402; 
-0.009247  0.979797  0.005585 -0.244139 0.165731 -0.255228; 
-0.012085  0.979523  0.005493 -0.245400 0.163774 -0.256185; 
-0.008331  0.979156  0.005127 -0.244791 0.163513 -0.255750; 
-0.008698  0.977051  0.004669 -0.243095 0.164209 -0.255489; 
-0.008881  0.983093  0.006042 -0.244357 0.164731 -0.256011; 
-0.009521  0.978424  0.005402 -0.246140 0.163600 -0.255837; 
-0.008057  0.977325  0.005859 -0.243878 0.163252 -0.255489; 
-0.009064  0.978699  0.005402 -0.243530 0.164470 -0.255576; 
-0.008698  0.981537  0.007416 -0.244617 0.165340 -0.255402; 
-0.010071  0.979797  0.007416 -0.245487 0.162252 -0.255750; 
-0.010071  0.979614  0.007324 -0.244052 0.163861 -0.255315; 
-0.009521  0.979797  0.006317 -0.243443 0.165166 -0.255315; 
-0.010803  0.983276  0.007507 -0.245400 0.163861 -0.255576; 
-0.010071  0.984009  0.006226 -0.245487 0.163861 -0.256098; 
-0.010437  0.976044  0.007050 -0.243617 0.163513 -0.255228; 
-0.011993  0.975311  0.005768 -0.244357 0.164992 -0.255402; 
-0.006500  0.978241  0.005035 -0.245400 0.164818 -0.255837; 
-0.008423  0.983551  0.005127 -0.244139 0.163165 -0.255663; 
-0.007782  0.984650  0.005310 -0.243878 0.164035 -0.254794; 
-0.008881  0.981445  0.005768 -0.243965 0.165253 -0.254881; 
-0.011627  0.979797  0.005035 -0.245487 0.163165 -0.255663; 
-0.010254  0.981903  0.006409