FD=3
Warning! IMU sync sequence took longer than 4 bytes!!
 0.010986  0.979889  0.021606 -0.172211 0.146988 -0.220917; 
 0.012634  0.978882  0.020874 -0.171037 0.147988 -0.220134; 
 0.012726  0.979706  0.020142 -0.170863 0.150076 -0.220221; 
 0.012177  0.976593  0.017761 -0.172863 0.147162 -0.220221; 
 0.013367  0.980988  0.018036 -0.172211 0.148206 -0.220656; 
 0.011993  0.981171  0.019409 -0.170123 0.148553 -0.220308; 
 0.012543  0.977234  0.019775 -0.172385 0.149510 -0.220569; 
 0.013550  0.977875  0.017212 -0.172646 0.148466 -0.220830; 
 0.012817  0.979797  0.021515 -0.171124 0.146857 -0.220134; 
 0.013733  0.979340  0.021790 -0.170167 0.149032 -0.220047; 
 0.014374  0.983093  0.021515 -0.171645 0.149423 -0.220917; 
 0.012085  0.975403  0.020050 -0.173559 0.147379 -0.221178; 
 0.012909  0.977325  0.020233 -0.171210 0.148293 -0.220656; 
 0.013184  0.980164  0.019135 -0.170602 0.148945 -0.219786; 
 0.013458  0.981079  0.018677 -0.172559 0.148945 -0.220917; 
 0.012634  0.977142  0.017761 -0.173211 0.147510 -0.220482; 
 0.011353  0.978241  0.020508 -0.170689 0.147684 -0.220134; 
 0.013824  0.980072  0.020050 -0.170776 0.149336 -0.220482; 
 0.015198  0.979706  0.019318 -0.172472 0.148988 -0.220569; 
 0.011902  0.982452  0.021149 -0.172037 0.146814 -0.220569; 
 0.011902  0.977509  0.021057 -0.170950 0.148727 -0.220221; 
 0.011810  0.977875  0.020966 -0.171602 0.149641 -0.219699; 
 0.014740  0.978607  0.019684 -0.172950 0.147510 -0.221004; 
 0.014923  0.979980  0.020874 -0.172559 0.147771 -0.220308; 
 0.013641  0.979431  0.019592 -0.170297 0.148901 -0.219786; 
 0.012177  0.980896  0.019867 -0.171776 0.149206 -0.220830; 
 0.013458  0.978424  0.018402 -0.172993 0.148727 -0.220743; 
 0.012543  0.978241  0.019501 -0.171037 0.147553 -0.220569; 
 0.012726  0.981262  0.018951 -0.170254 0.148858 -0.220134; 
 0.013824  0.981262  0.018860 -0.171732 0.149858 -0.220569; 
 0.010345  0.978424  0.020050 -0.172820 0.147553 -0.221265; 
 0.013367  0.981537  0.020691 -0.170776 0.148206 -0.220134; 
 0.015015  0.977509  0.020050 -0.169862 0.149336 -0.220134; 
 0.013641  0.976501  0.021606 -0.172689 0.148771 -0.220656; 
 0.012360  0.982361  0.020782 -0.172559 0.148206 -0.220569; 
 0.011353  0.979980  0.019226 -0.170210 0.148206 -0.220569; 
 0.013000  0.978241  0.018402 -0.171037 0.149075 -0.220308; 
 0.015472  0.978058  0.018951 -0.171950 0.149162 -0.220743; 
 0.013916  0.979065  0.018127 -0.171645 0.146423 -0.220743; 
 0.013092  0.982544  0.018768 -0.170210 0.148901 -0.219960; 
 0.011719  0.981628  0.018768 -0.171297 0.149858 -0.219960; 
 0.010529  0.978241  0.021240 -0.173167 0.147814 -0.220830; 
 0.015839  0.980621  0.021149 -0.171863 0.148293 -0.220656; 
 0.013184  0.978516  0.020233 -0.170210 0.148206 -0.219873; 
 0.013000  0.981995  0.021057 -0.171645 0.149162 -0.220569; 
 0.011993  0.979340  0.019043 -0.172733 0.148988 -0.220743; 
 0.011627  0.977509  0.018768 -0.171384 0.147379 -0.219960; 
 0.015106  0.976318  0.018036 -0.170036 0.149423 -0.220395; 
 0.013824  0.979706  0.018951 -0.171863 0.149380 -0.220221; 
 0.012177  0.979980  0.019226 -0.172906 0.147292 -0.220656; 
 0.012909  0.981903  0.019226 -0.171210 0.148553 -0.220395; 
 0.014282  0.977783  0.019775 -0.170036 0.149858 -0.220308; 
 0.012268  0.977051  0.020966 -0.172472 0.148206 -0.220308; 
 0.014740  0.983093  0.019226 -0.172646 0.147727 -0.220830; 
 0.013275  0.980804  0.020599 -0.170515 0.148466 -0.220047; 
 0.011169  0.976501  0.019684 -0.171167 0.149380 -0.220308; 
 0.013458  0.979614  0.019226 -0.172733 0.148380 -0.220308; 
 0.013458  0.977142  0.019226 -0.171776 0.147075 -0.220308; 
 0.014832  0.976868  0.018402 -0.170602 0.148380 -0.220047; 
 0.011719  0.981903  0.019226 -0.171210 0.150032 -0.220047; 
 0.010529  0.981537  0.019226 -0.173037 0.147510 -0.221004; 
 0.013916  0.978882  0.019318 -0.172037 0.147901 -0.220395; 
 0.014557  0.978516  0.019409 -0.169601 0.148988 -0.219786; 
 0.012268  0.979797  0.022614 -0.171950 0.149032 -0.220221; 
 0.012817  0.981262  0.019684 -0.173254 0.148553 -0.220656; 
 0.012268  0.979523  0.019958 -0.171124 0.147466 -0.220743; 
 0.011810  0.977875  0.018585 -0.171037 0.149075 -0.220221; 
 0.013458  0.979614  0.018768 -0.172037 0.149597 -0.220743; 
 0.013550  0.981628  0.018768 -0.172906 0.146857 -0.220743; 
 0.014099  0.981628  0.017029 -0.171210 0.148206 -0.220395; 
 0.009796  0.979431  0.018585 -0.170167 0.149206 -0.220221; 
 0.011444  0.982544  0.019775 -0.172906 0.147988 -0.220482; 
 0.015015  0.979706  0.020233 -0.172559 0.147640 -0.220917; 
 0.013916  0.977509  0.019592 -0.170428 0.147901 -0.220221; 
 0.012634  0.975861  0.021606 -0.171037 0.149510 -0.220395; 
 0.012085  0.977692  0.019226 -0.172733 0.149075 -0.220569; 
 0.013184  0.977875  0.018494 -0.172037 0.147162 -0.220569; 
 0.014008  0.977234  0.017761 -0.170515 0.149075 -0.219873; 
 0.015015  0.978058  0.018402 -0.171341 0.149206 -0.220047; 
 0.011353  0.978516  0.018219 -0.172950 0.147510 -0.220743; 
 0.011719  0.982635  0.019684 -0.171297 0.148466 -0.220569; 
 0.010803  0.980988  0.020782 -0.170297 0.149162 -0.219525; 
 0.013733  0.981354  0.020782 -0.172037 0.148510 -0.220569; 
 0.013916  0.981720  0.022156 -0.173298 0.148771 -0.220308; 
 0.011810  0.984192  0.022705 -0.170689 0.147510 -0.219873; 
 0.012085  0.983734  0.021515 -0.170210 0.149336 -0.220047; 
 0.011993  0.978973  0.020325 -0.172559 0.149728 -0.220395; 
 0.014465  0.976318  0.018402 -0.172559 0.147075 -0.221004; 
 0.013000  0.979248  0.018219 -0.171341 0.148249 -0.220047; 
 0.012360  0.977783  0.017303 -0.170080 0.149815 -0.219786; 
 0.011902  0.977875  0.018311 -0.172124 0.147814 -0.220569; 
 0.013458  0.977142  0.019867 -0.172559 0.148162 -0.219873; 
 0.014557  0.976227  0.020142 -0.170036 0.148901 -0.219873; 
 0.013916  0.981079  0.021515 -0.171297 0.148901 -0.219786; 
 0.013367  0.980164  0.021240 -0.172689 0.148771 -0.220395; 
 0.011261  0.977142  0.020966 -0.171776 0.146901 -0.220569; 
 0.012726  0.979431  0.020325 -0.170689 0.148684 -0.219786; 
 0.014832  0.983551  0.020874 -0.171210 0.149684 -0.220134; 
 0.012085  0.980438  0.018494 -0.172863 0.147423 -0.220308; 
 0.013916  0.978973  0.019501 -0.171558 0.148640 -0.220221; 
 0.012085  0.981354  0.017761 -0.170428 0.149249 -0.219960; 
 0.013367  0.980255  0.018768 -0.172559 0.149423 -0.220221; 
 0.013916  0.977509  0.019043 -0.173080 0.148553 -0.221265; 
 0.013641  0.976776  0.020233 -0.170950 0.147379 -0.220569; 
 0.013733  0.980072  0.020874 -0.171124 0.149336 -0.219960; 
 0.015381  0.978241  0.020599 -0.171732 0.149162 -0.220569; 
 0.012726  0.977051  0.020966 -0.172559 0.146857 -0.220743; 
 0.013367  0.981171  0.020966 -0.171254 0.148510 -0.219960; 
 0.013367  0.978973  0.020416 -0.170602 0.149858 -0.220134; 
 0.012909  0.979523  0.018585 -0.171950 0.148293 -0.221091; 
 0.012451  0.979431  0.019684 -0.172385 0.147988 -0.220569; 
 0.011810  0.980255  0.018494 -0.170036 0.148075 -0.220047; 
 0.013550  0.982361  0.019226 -0.170950 0.149597 -0.220482; 
 0.013184  0.980438  0.019226 -0.172559 0.148249 -0.220308; 
 0.013641  0.975952  0.020508 -0.171645 0.147292 -0.220395; 
 0.011261  0.977417  0.019867 -0.170602 0.149597 -0.220047; 
 0.014648  0.980713  0.020874 -0.171428 0.149902 -0.219786; 
 0.013000  0.976593  0.020233 -0.172733 0.147814 -0.220917; 
 0.014557  0.979340  0.019592 -0.171645 0.147988 -0.219960; 
 0.014099  0.975861  0.019958 -0.170254 0.149293 -0.219699; 
 0.012726  0.977875  0.018402 -0.172385 0.148380 -0.220569; 
 0.013184  0.978790  0.019226 -0.173994 0.148423 -0.220134; 
 0.011627  0.981628  0.017761 -0.170428 0.147727 -0.220308; 
 0.011353  0.980530  0.017944 -0.170863 0.148771 -0.220134; 
 0.013367  0.979065  0.019318 -0.171732 0.149423 -0.220656; 
 0.013000  0.981079  0.021149 -0.172472 0.146597 -0.220830; 
 0.013916  0.982178  0.022705 -0.171297 0.148814 -0.219612; 
 0.014191  0.980072  0.021423 -0.170515 0.149684 -0.220047; 
 0.012726  0.976318  0.020416 -0.172211 0.148206 -0.220830; 
 0.013733  0.980713  0.020508 -0.172689 0.148684 -0.220482; 
 0.013458  0.978424  0.019043 -0.170210 0.148380 -0.220221; 
 0.012085  0.979065  0.018127 -0.171210 0.149162 -0.220134; 
 0.013916  0.980713  0.017853 -0.172646 0.148206 -0.221091; 
 0.011353  0.977509  0.019684 -0.171645 0.147292 -0.220395; 
 0.013641  0.978241  0.019592 -0.170210 0.148988 -0.220482; 
 0.014465  0.980347  0.021149 -0.172037 0.149597 -0.220308; 
 0.011719  0.977509  0.020599 -0.173385 0.147901 -0.220743; 
 0.013458  0.980347  0.021515 -0.171732 0.148466 -0.220569; 
 0.011810  0.979248  0.019409 -0.170776 0.149206 -0.219612; 
 0.012451  0.982086  0.020233 -0.172124 0.148423 -0.220221; 
 0.013550  0.980255  0.019684 -0.172211 0.148380 -0.220743; 
 0.013916  0.977692  0.017761 -0.170776 0.147553 -0.220134; 
 0.012451  0.978790  0.019409 -0.171080 0.149467 -0.219612; 
 0.013458  0.981171  0.018311 -0.172298 0.149075 -0.220482; 
 0.012909  0.978699  0.018860 -0.172646 0.147379 -0.220395; 
 0.011993  0.978149  0.020966 -0.171167 0.148771 -0.220134; 
 0.013550  0.980347  0.021515 -0.171384 0.149684 -0.219351; 
 0.012451  0.979248  0.019684 -0.172559 0.148162 -0.220569; 
 0.013092  0.977051  0.020874 -0.172298 0.147901 -0.220308; 
 0.012726  0.975494  0.020874 -0.169993 0.148249 -0.219873; 
 0.013550  0.975586  0.018860 -0.171558 0.149249 -0.220395; 
 0.014008  0.976410  0.018494 -0.173080 0.148727 -0.220569; 
 0.013275  0.982452  0.019775 -0.171341 0.147075 -0.220308; 
 0.011353  0.986755  0.020966 -0.170950 0.148901 -0.219786; 
 0.012177  0.984100  0.019592 -0.171863 0.149293 -0.220047; 
 0.012177  0.978149  0.020233 -0.173559 0.147553 -0.220743; 
 0.012726  0.982452  0.019135 -0.171428 0.147684 -0.220047; 
 0.013641  0.978699  0.019501 -0.170297 0.149162 -0.219786; 
 0.012360  0.981628  0.020874 -0.172472 0.148466 -0.221004; 
 0.014191  0.982635  0.019684 -0.172906 0.148206 -0.220482; 
 0.012634  0.972748  0.017487 -0.170689 0.147379 -0.220047; 
 0.011719  0.977051  0.020416 -0.170950 0.149336 -0.219873; 
 0.013000  0.980804  0.018402 -0.172211 0.148771 -0.220221; 
 0.012085  0.976501  0.019501 -0.172646 0.146684 -0.220743; 
 0.012817  0.973389  0.019409 -0.170863 0.149162 -0.219612; 
 0.012909  0.981720  0.019043 -0.170689 0.149684 -0.220221; 
 0.012085  0.976685  0.018951 -0.172863 0.147901 -0.220134; 
 0.014465  0.977600  0.020782 -0.171950 0.148380 -0.220395; 
 0.012360  0.978424  0.022339 -0.170341 0.148597 -0.219612; 
 0.011993  0.976868  0.020599 -0.171950 0.149249 -0.220221; 
 0.012451  0.980164  0.020599 -0.172950 0.148510 -0.220308; 
 0.012817  0.982269  0.020782 -0.171428 0.147336 -0.220047; 
 0.012634  0.981445  0.018585 -0.170602 0.149249 -0.220221; 
 0.013184  0.982178  0.018494 -0.172298 0.149162 -0.220047; 
 0.011444  0.978790  0.017853 -0.173385 0.147118 -0.220830; 
 0.013916  0.977783  0.019318 -0.171297 0.148293 -0.220569; 
 0.012909  0.981171  0.017578 -0.170515 0.149336 -0.219612; 
 0.012726  0.979797  0.020325 -0.172124 0.148945 -0.220656; 
 0.011993  0.978241  0.019226 -0.172863 0.147988 -0.219960; 
 0.013641  0.978241  0.020874 -0.170428 0.148206 -0.219525; 
 0.012177  0.978058  0.020508 -0.170950 0.149728 -0.220047; 
 0.012909  0.979340  0.021515 -0.172776 0.149380 -0.220047; 
 0.011536  0.976685  0.020966 -0.172124 0.147249 -0.220221; 
 0.011810  0.978241  0.019409 -0.171167 0.147988 -0.219612; 
 0.014099  0.979431  0.020050 -0.171124 0.150032 -0.219960; 
 0.012909  0.980438  0.018494 -0.172906 0.147727 -0.220569; 
 0.013641  0.981354  0.019135 -0.172298 0.147771 -0.220134; 
 0.012451  0.978149  0.018768 -0.170210 0.148727 -0.219786; 
 0.011261  0.980347  0.019775 -0.171515 0.148684 -0.220047; 
 0.012634  0.980255  0.019684 -0.172559 0.148466 -0.220656; 
 0.013367  0.976868  0.019501 -0.171037 0.147118 -0.220221; 
 0.013184  0.978424  0.019775 -0.170602 0.149249 -0.219699; 
 0.013092  0.982452  0.020782 -0.171732 0.149771 -0.220569; 
 0.010895  0.974121  0.020416 -0.173385 0.146988 -0.220656; 
 0.013367  0.977142  0.020325 -0.170950 0.148684 -0.220221; 
 0.013550  0.980713  0.019958 -0.170123 0.149597 -0.219873; 
 0.010895  0.976410  0.018494 -0.173037 0.148336 -0.220221; 
 0.013733  0.978516  0.018494 -0.172559 0.147901 -0.220308; 
 0.012909  0.980072  0.020874 -0.170776 0.147901 -0.220308; 
 0.013550  0.978699  0.020691 -0.171384 0.149945 -0.220308; 
 0.014191  0.978973  0.018311 -0.172472 0.148771 -0.220830; 
 0.010254  0.984375  0.019501 -0.172385 0.146857 -0.220569; 
 0.012817  0.981171  0.020599 -0.170602 0.148988 -0.220134; 
 0.013458  0.978699  0.019043 -0.170950 0.149423 -0.219786; 
 0.013275  0.974579  0.020233 -0.172472 0.147771 -0.220569; 
 0.013916  0.977417  0.019043 -0.171776 0.148597 -0.220743; 
 0.011353  0.979156  0.019318 -0.170080 0.149119 -0.219351; 
 0.013733  0.979523  0.017853 -0.172037 0.149119 -0.220569; 
 0.013458  0.977966  0.019135 -0.173080 0.148901 -0.220482; 
 0.011719  0.977417  0.020142 -0.171428 0.147684 -0.220221; 
 0.011993  0.979980  0.020325 -0.170515 0.149423 -0.220134; 
 0.012634  0.981262  0.020782 -0.172124 0.149858 -0.220395; 
 0.012360  0.980255  0.020416 -0.172646 0.147814 -0.220743; 
 0.014923  0.976318  0.018768 -0.171297 0.148380 -0.219873; 
 0.014282  0.978424  0.019135 -0.170210 0.149684 -0.219786; 
 0.013275  0.981720  0.020599 -0.172385 0.148293 -0.220482; 
 0.012360  0.980621  0.020325 -0.172776 0.147988 -0.220221; 
 0.011993  0.978333  0.019226 -0.170297 0.147988 -0.220047; 
 0.013458  0.976318  0.019867 -0.171297 0.149336 -0.220308; 
 0.015656  0.979889  0.018860 -0.172820 0.149510 -0.220221; 
 0.011536  0.978882  0.019043 -0.171558 0.146944 -0.220569; 
 0.011993  0.979797  0.018585 -0.171037 0.148901 -0.219960; 
 0.013092  0.981445  0.019043 -0.170950 0.149945 -0.220134; 
 0.012268  0.979797  0.019867 -0.172993 0.147640 -0.220569; 
 0.014374  0.981354  0.021698 -0.171863 0.148510 -0.220047; 
 0.013184  0.978516  0.020416 -0.170602 0.149162 -0.219438; 
 0.011719  0.978241  0.021515 -0.172298 0.149423 -0.220395; 
 0.013641  0.981262  0.017487 -0.173080 0.148640 -0.221091; 
 0.013367  0.981628  0.019226 -0.171384 0.147640 -0.220395; 
 0.013458  0.977325  0.018768 -0.170776 0.149728 -0.219786; 
 0.013000  0.980988  0.018036 -0.172124 0.148814 -0.220656; 
 0.011810  0.979065  0.018768 -0.172993 0.147205 -0.220221; 
 0.013458  0.977234  0.019958 -0.171210 0.148553 -0.220395; 
 0.012634  0.977966  0.020233 -0.170428 0.149945 -0.219786; 
 0.012909  0.976318  0.020416 -0.172559 0.148206 -0.220569; 
 0.015106  0.980896  0.021423 -0.173167 0.147814 -0.220308; 
 0.013367  0.980713  0.020050 -0.170689 0.148510 -0.219699; 
 0.010071  0.979706  0.020233 -0.171428 0.149554 -0.219873; 
 0.011719  0.980621  0.020325 -0.172472 0.148597 -0.220047; 
 0.013733  0.984741  0.019501 -0.171863 0.147292 -0.220308; 
 0.013824  0.981628  0.018311 -0.170776 0.148858 -0.219960; 
 0.010345  0.975037  0.018036 -0.171471 0.150380 -0.219873; 
 0.010529  0.982544  0.019318 -0.173167 0.147553 -0.220830; 
 0.015015  0.982361  0.019135 -0.171471 0.148293 -0.220134; 
 0.016022  0.975677  0.017395 -0.170123 0.149075 -0.219786; 
 0.013184  0.972015  0.021423 -0.172298 0.149249 -0.220656; 
 0.012634  0.979980  0.021698 -0.173472 0.148771 -0.220134; 
 0.013824  0.980347  0.020142 -0.171297 0.147553 -0.220134; 
 0.013458  0.974670  0.019409 -0.170776 0.149858 -0.219786; 
 0.014465  0.980530  0.021057 -0.172124 0.149728 -0.219960; 
 0.013641  0.980988  0.019775 -0.172993 0.147379 -0.220482; 
 0.014374  0.978058  0.018860 -0.171602 0.148510 -0.219873; 
 0.012634  0.981445  0.018951 -0.170602 0.149336 -0.219699; 
 0.012085  0.983276  0.021515 -0.172733 0.148727 -0.220395; 
 0.014648  0.979614  0.018219 -0.172906 0.148553 -0.220395; 
 0.012451  0.981445  0.019867 -0.170863 0.147901 -0.219960; 
 0.012543  0.981995  0.021057 -0.171384 0.149336 -0.220221; 
 0.012726  0.979065  0.019501 -0.172298 0.149423 -0.220656; 
 0.012817  0.976318  0.019135 -0.171950 0.146684 -0.220134; 
 0.014191  0.978973  0.018585 -0.170515 0.148597 -0.219525; 
 0.012543  0.976593  0.018402 -0.171124 0.149510 -0.220482; 
 0.011169  0.978058  0.016663 -0.173167 0.147379 -0.220656; 
 0.013000  0.980164  0.016846 -0.172298 0.148075 -0.220134; 
 0.013184  0.979797  0.020325 -0.169906 0.148858 -0.219612; 
 0.014008  0.979706  0.020874 -0.171950 0.149684 -0.220308; 
 0.014282  0.980072  0.020966 -0.173472 0.148206 -0.220656; 
 0.012177  0.980804  0.021790 -0.171384 0.147118 -0.219525; 
 0.012909  0.976593  0.021149 -0.17077