FD=3
 0.012177  0.979614  0.020599 -0.173254 0.147466 -0.220830; 
 0.029205  0.978424  0.000092 -0.148293 0.150554 -0.294106; 
 0.028839  0.982910  0.001831 -0.150249 0.150945 -0.294367; 
 0.028198  0.980347  0.000732 -0.150771 0.149162 -0.295063; 
 0.028381  0.977509  0.002838 -0.149641 0.148814 -0.294454; 
 0.028564  0.976593  0.000183 -0.149075 0.150032 -0.294541; 
 0.031586  0.984375  0.001007 -0.149815 0.150380 -0.294280; 
 0.029114  0.978699 -0.001373 -0.151076 0.148206 -0.294715; 
 0.029297  0.976501 -0.000916 -0.148727 0.149249 -0.294280; 
 0.028931  0.974487 -0.001099 -0.148380 0.151032 -0.294193; 
 0.026733  0.980438 -0.002014 -0.151337 0.149597 -0.295063; 
 0.027374  0.980896 -0.000824 -0.150771 0.148640 -0.295063; 
 0.028748  0.978241 -0.000916 -0.148380 0.148901 -0.294541; 
 0.029480  0.979614  0.002930 -0.149249 0.150467 -0.294280; 
 0.030396  0.978241  0.001099 -0.150597 0.150119 -0.294802; 
 0.030212  0.978424  0.000000 -0.150076 0.148293 -0.295150; 
 0.029663  0.980621  0.001282 -0.148814 0.149945 -0.294367; 
 0.030945  0.982452  0.001007 -0.149554 0.150641 -0.294280; 
 0.027832  0.977051  0.000000 -0.150597 0.148293 -0.295498; 
 0.027557  0.976776  0.000824 -0.150076 0.148988 -0.294541; 
 0.027374  0.977966  0.000000 -0.148727 0.149771 -0.294193; 
 0.030579  0.982819 -0.000732 -0.150163 0.149597 -0.294802; 
 0.029755  0.978607 -0.002014 -0.151685 0.149423 -0.294802; 
 0.028290  0.971191 -0.001465 -0.148901 0.148988 -0.294715; 
 0.029480  0.980804 -0.000732 -0.148380 0.150032 -0.294280; 
 0.030121  0.980804  0.000366 -0.149815 0.150728 -0.294976; 
 0.026733  0.975861  0.000824 -0.150336 0.148293 -0.295237; 
 0.029480  0.975494  0.001099 -0.149249 0.150119 -0.294367; 
 0.028656  0.981720  0.000732 -0.147945 0.150293 -0.294367; 
 0.027649  0.978149  0.000000 -0.151163 0.149336 -0.295237; 
 0.030304  0.978973  0.000183 -0.151163 0.148727 -0.295411; 
 0.030762  0.982635  0.000092 -0.147945 0.148640 -0.294106; 
 0.028564  0.978699  0.000092 -0.149554 0.150380 -0.294454; 
 0.029114  0.977142 -0.000732 -0.149858 0.150249 -0.295193; 
 0.029114  0.979889  0.001465 -0.150076 0.148293 -0.294715; 
 0.028656  0.980072  0.000366 -0.148553 0.149771 -0.294802; 
 0.028839  0.976593  0.000000 -0.149075 0.150728 -0.294715; 
 0.028107  0.977234  0.000000 -0.151337 0.148988 -0.295063; 
 0.030304  0.981262  0.001099 -0.149728 0.149249 -0.294889; 
 0.028839  0.978699 -0.000641 -0.148380 0.150554 -0.294106; 
 0.028748  0.976868  0.000916 -0.151076 0.149771 -0.294976; 
 0.029663  0.979156  0.000092 -0.151076 0.149336 -0.295237; 
 0.028656  0.982819  0.000916 -0.149075 0.149336 -0.294280; 
 0.028564  0.976593 -0.000458 -0.148380 0.149858 -0.294367; 
 0.031219  0.979706  0.000641 -0.150423 0.150293 -0.294802; 
 0.029572  0.979614  0.001099 -0.150989 0.147901 -0.295585; 
 0.029480  0.976593 -0.000916 -0.148727 0.149945 -0.294802; 
 0.029572  0.978973  0.001373 -0.148901 0.150945 -0.294193; 
 0.029388  0.980438  0.001648 -0.150815 0.149554 -0.295367; 
 0.029388  0.978699  0.000824 -0.150423 0.149423 -0.294889; 
 0.028656  0.975128 -0.001831 -0.148293 0.149162 -0.294976; 
 0.028931  0.980255  0.000275 -0.149249 0.150945 -0.294628; 
 0.030579  0.978882  0.000000 -0.151250 0.149771 -0.295411; 
 0.028564  0.974945  0.000000 -0.149554 0.148075 -0.295150; 
 0.029755  0.977509 -0.000366 -0.148727 0.150032 -0.295063; 
 0.030304  0.981354  0.002197 -0.150076 0.150554 -0.294715; 
 0.028198  0.979431  0.001007 -0.151250 0.148293 -0.295237; 
 0.029663  0.979431  0.001465 -0.149815 0.150032 -0.295063; 
 0.029663  0.981171  0.000641 -0.148075 0.150684 -0.295280; 
 0.028931  0.980072 -0.000458 -0.150771 0.149945 -0.294976; 
 0.028748  0.981628 -0.001190 -0.151859 0.149423 -0.295672; 
 0.028015  0.980255  0.000549 -0.148727 0.148293 -0.294628; 
 0.028107  0.976868  0.001282 -0.149075 0.150467 -0.294976; 
 0.029755  0.973572 -0.001007 -0.150989 0.149684 -0.295063; 
 0.029755  0.977051 -0.000366 -0.151076 0.148293 -0.295150; 
 0.030579  0.978424  0.000000 -0.149075 0.149858 -0.294628; 
 0.029297  0.977783 -0.000916 -0.149249 0.150206 -0.294628; 
 0.028290  0.977417 -0.000275 -0.151250 0.149075 -0.295411; 
 0.028290  0.980530  0.000092 -0.150423 0.148727 -0.295585; 
 0.028931  0.978882  0.000824 -0.148206 0.149423 -0.294889; 
 0.027832  0.983551  0.002563 -0.149902 0.150380 -0.295237; 
 0.029938  0.981354 -0.000549 -0.150728 0.149815 -0.295715; 
 0.029663  0.977692  0.000000 -0.149467 0.148553 -0.295585; 
 0.028748  0.979797 -0.000458 -0.148901 0.149945 -0.294976; 
 0.031036  0.980347  0.000000 -0.150423 0.150206 -0.294541; 
 0.028290  0.977966 -0.001190 -0.152119 0.148553 -0.295672; 
 0.028107  0.976318  0.000549 -0.149380 0.149336 -0.294802; 
 0.027466  0.974121 -0.001648 -0.148553 0.150641 -0.294889; 
 0.027649  0.979797 -0.001190 -0.150249 0.149249 -0.295324; 
 0.029663  0.977234 -0.000366 -0.151076 0.149423 -0.295411; 
 0.029938  0.979156 -0.000458 -0.148988 0.149075 -0.294715; 
 0.029938  0.977509 -0.000366 -0.148814 0.150293 -0.294802; 
 0.029297  0.980072  0.001556 -0.150510 0.150380 -0.295411; 
 0.027832  0.978607  0.001282 -0.150249 0.148075 -0.295585; 
 0.029388  0.981812  0.001648 -0.149032 0.150423 -0.294933; 
 0.029846  0.982727  0.000916 -0.149206 0.151032 -0.295020; 
 0.027100  0.977234  0.000366 -0.150597 0.149249 -0.295411; 
 0.029755  0.975403  0.000000 -0.150510 0.149336 -0.295063; 
 0.029755  0.976318  0.000000 -0.148032 0.150032 -0.294367; 
 0.031036  0.982178  0.000000 -0.150249 0.149945 -0.294802; 
 0.030670  0.977875 -0.000732 -0.151032 0.149641 -0.295541; 
 0.027191  0.975861 -0.000732 -0.149467 0.148380 -0.294802; 
 0.026917  0.978149 -0.000275 -0.149467 0.149336 -0.294715; 
 0.027557  0.980896  0.000275 -0.150249 0.150945 -0.295063; 
 0.029572  0.976868 -0.000641 -0.151772 0.148075 -0.295759; 
 0.031219  0.980347  0.000458 -0.149641 0.149858 -0.294628; 
 0.031036  0.978790  0.000732 -0.148206 0.150119 -0.294367; 
 0.030304  0.977600  0.002289 -0.150597 0.149597 -0.295411; 
 0.029663  0.978973  0.000092 -0.150902 0.148814 -0.295498; 
 0.029388  0.980164  0.001099 -0.148901 0.149510 -0.294628; 
 0.026642  0.980896 -0.000092 -0.149902 0.150380 -0.294889; 
 0.027649  0.976135  0.000000 -0.150336 0.149858 -0.295498; 
 0.027374  0.976776  0.000000 -0.150989 0.148075 -0.295063; 
 0.031311  0.978699 -0.001007 -0.148901 0.149684 -0.294628; 
 0.031769  0.978973 -0.001099 -0.149815 0.151119 -0.294889; 
 0.028473  0.977692  0.000092 -0.150771 0.149075 -0.295585; 
 0.027740  0.981171  0.000458 -0.149641 0.148901 -0.295498; 
 0.028564  0.977051  0.000366 -0.148640 0.149945 -0.294976; 
 0.027740  0.977051  0.002014 -0.149641 0.150032 -0.294802; 
 0.029388  0.979614  0.001099 -0.151250 0.149597 -0.295150; 
 0.030212  0.979431  0.002747 -0.149554 0.148293 -0.294976; 
 0.029846  0.978241  0.001099 -0.148640 0.150380 -0.294193; 
 0.031769  0.977875  0.000549 -0.150510 0.151032 -0.295324; 
 0.028748  0.980255 -0.000732 -0.150771 0.148380 -0.295759; 
 0.029938  0.982086 -0.001923 -0.149467 0.149162 -0.295063; 
 0.027466  0.976410 -0.002014 -0.148423 0.150510 -0.294759; 
 0.026367  0.978790  0.000916 -0.149815 0.149510 -0.294889; 
 0.030121  0.981079  0.001007 -0.150684 0.149162 -0.295150; 
 0.028564  0.977509  0.000641 -0.148206 0.149075 -0.294367; 
 0.029755  0.976135  0.000732 -0.149641 0.150945 -0.295063; 
 0.029480  0.977966  0.000183 -0.151163 0.149945 -0.295672; 
 0.029205  0.975952  0.000000 -0.150163 0.148380 -0.295498; 
 0.027649  0.974396  0.000092 -0.148901 0.150032 -0.295150; 
 0.029388  0.980621  0.001099 -0.148814 0.151467 -0.295063; 
 0.028107  0.979065  0.000092 -0.150989 0.149249 -0.295324; 
 0.029022  0.978333  0.000732 -0.150032 0.149206 -0.295454; 
 0.029205  0.979889 -0.000458 -0.148380 0.149684 -0.294106; 
 0.028839  0.982819  0.001190 -0.150771 0.149945 -0.295150; 
 0.028931  0.980072  0.000092 -0.151337 0.149510 -0.295411; 
 0.029205  0.978149  0.000092 -0.149467 0.148466 -0.294715; 
 0.029663  0.977783 -0.000366 -0.149249 0.149771 -0.294628; 
 0.030579  0.976593  0.000275 -0.150163 0.149945 -0.294802; 
 0.029663  0.978882 -0.000275 -0.151076 0.147901 -0.295672; 
 0.029572  0.981537  0.000000 -0.149075 0.149597 -0.295063; 
 0.029938  0.978607 -0.001373 -0.148814 0.150032 -0.294106; 
 0.027740  0.976593 -0.000732 -0.150597 0.149597 -0.295585; 
 0.028198  0.985382 -0.001373 -0.150249 0.148727 -0.295063; 
 0.028473  0.980988  0.000366 -0.148380 0.149858 -0.294628; 
 0.028290  0.979340  0.000824 -0.149380 0.150728 -0.294976; 
 0.031036  0.978241  0.000641 -0.150902 0.150119 -0.295150; 
 0.029663  0.978241  0.000366 -0.149989 0.148293 -0.295672; 
 0.030121  0.979797  0.000183 -0.148466 0.149684 -0.294802; 
 0.028290  0.979340  0.000092 -0.149467 0.151032 -0.294628; 
 0.027924  0.976044  0.000000 -0.150510 0.148814 -0.295759; 
 0.031128  0.976685 -0.000824 -0.149989 0.149510 -0.294802; 
 0.027557  0.975311 -0.001648 -0.148466 0.149858 -0.295063; 
 0.027924  0.973114 -0.000183 -0.150423 0.149771 -0.295150; 
 0.029022  0.977051 -0.000916 -0.151337 0.149771 -0.295672; 
 0.031219  0.984009 -0.000458 -0.148727 0.148814 -0.295063; 
 0.028748  0.977051 -0.000641 -0.148814 0.149945 -0.294280; 
 0.029205  0.977600  0.000732 -0.150467 0.150684 -0.295280; 
 0.029755  0.985840  0.001740 -0.150380 0.147945 -0.295715; 
 0.030396  0.985199  0.002106 -0.148988 0.149510 -0.294628; 
 0.029205  0.974579  0.002472 -0.148553 0.150554 -0.294715; 
 0.028473  0.979889  0.001648 -0.150510 0.149075 -0.295585; 
 0.029663  0.980988 -0.001007 -0.150902 0.148466 -0.295324; 
 0.029663  0.975861  0.000458 -0.148640 0.149510 -0.294976; 
 0.028473  0.974030 -0.002014 -0.149902 0.150467 -0.295150; 
 0.029388  0.980713 -0.000458 -0.150336 0.150206 -0.295324; 
 0.028290  0.979340 -0.000549 -0.150076 0.148380 -0.294889; 
 0.027649  0.975861 -0.001556 -0.148640 0.149771 -0.294541; 
 0.029205  0.978607 -0.000275 -0.149467 0.150206 -0.294628; 
 0.027832  0.976959  0.000366 -0.150989 0.149075 -0.295759; 
 0.031494  0.980072  0.000092 -0.149684 0.148640 -0.295367; 
 0.031219  0.981354  0.002014 -0.148293 0.150206 -0.294628; 
 0.029480  0.982269  0.003296 -0.150076 0.150293 -0.294976; 
 0.029846  0.978699  0.000458 -0.151250 0.149249 -0.295324; 
 0.029205  0.980347  0.001282 -0.149380 0.149249 -0.295150; 
 0.027740  0.981445  0.000092 -0.148466 0.150467 -0.294715; 
 0.028564  0.979523 -0.000549 -0.150076 0.150467 -0.295585; 
 0.028198  0.975586 -0.002014 -0.150510 0.148640 -0.295672; 
 0.029297  0.977692  0.000000 -0.148988 0.149597 -0.294715; 
 0.027740  0.976044 -0.000916 -0.148901 0.150945 -0.294889; 
 0.027191  0.974670  0.000366 -0.151076 0.148553 -0.295585; 
 0.028748  0.978516  0.001556 -0.150989 0.149336 -0.294889; 
 0.030396  0.978973  0.000458 -0.148466 0.149684 -0.295150; 
 0.028290  0.975677 -0.000183 -0.149380 0.150380 -0.295063; 
 0.029114  0.978699  0.001007 -0.150771 0.150119 -0.295411; 
 0.028656  0.981720  0.000824 -0.149641 0.148466 -0.295150; 
 0.029388  0.979797 -0.000458 -0.148466 0.149597 -0.294541; 
 0.029022  0.977234  0.000458 -0.149467 0.150815 -0.294715; 
 0.028656  0.980072  0.000366 -0.150771 0.148814 -0.295324; 
 0.029114  0.980347  0.000275 -0.149989 0.149684 -0.295063; 
 0.027466  0.975861 -0.001465 -0.148119 0.149684 -0.294541; 
 0.029846  0.977051  0.001190 -0.150771 0.150206 -0.294715; 
 0.029938  0.979340  0.000000 -0.151163 0.149510 -0.295411; 
 0.028564  0.975403  0.001282 -0.148814 0.149075 -0.295150; 
 0.028381  0.975220  0.000183 -0.148988 0.150467 -0.295237; 
 0.029846  0.978516  0.000183 -0.150249 0.150554 -0.295237; 
 0.028931  0.973114 -0.000092 -0.150684 0.147901 -0.295759; 
 0.030121  0.979797 -0.001373 -0.149467 0.148901 -0.295411; 
 0.029938  0.985657  0.001373 -0.148553 0.150467 -0.294889; 
 0.027740  0.982178  0.001190 -0.150771 0.149336 -0.295846; 
 0.027557  0.980072  0.001831 -0.150510 0.149162 -0.295411; 
 0.028107  0.980072 -0.000275 -0.148380 0.149423 -0.294628; 
 0.029480  0.980621 -0.000183 -0.149858 0.150249 -0.295280; 
 0.030304  0.979248  0.001007 -0.150467 0.149902 -0.295541; 
 0.030396  0.976410 -0.001007 -0.150163 0.147553 -0.295063; 
 0.029755  0.974670 -0.001007 -0.148466 0.150206 -0.294715; 
 0.030670  0.978882 -0.002014 -0.149815 0.150032 -0.294715; 
 0.028656  0.979431 -0.001740 -0.151641 0.148293 -0.296063; 
 0.027649  0.978790 -0.001373 -0.149815 0.148640 -0.295324; 
 0.029297  0.976959 -0.001556 -0.148466 0.150119 -0.295063; 
 0.028015  0.979980  0.000366 -0.150336 0.149945 -0.295324; 
 0.029846  0.980255  0.000732 -0.151293 0.149728 -0.295454; 
 0.029388  0.978058  0.000458 -0.149380 0.148380 -0.294976; 
 0.030121  0.984375  0.002380 -0.148466 0.150206 -0.294802; 
 0.030396  0.976593  0.000275 -0.150249 0.150119 -0.295150; 
 0.028107  0.977142  0.001190 -0.150641 0.148162 -0.294889; 
 0.030579  0.981537  0.000549 -0.149554 0.149510 -0.294802; 
 0.027832  0.981628 -0.000366 -0.148988 0.150945 -0.294976; 
 0.026825  0.975952 -0.002563 -0.150989 0.149075 -0.295585; 
 0.027008  0.974854 -0.002380 -0.150510 0.149162 -0.295324; 
 0.028381  0.976318 -0.002563 -0.148032 0.148640 -0.294802; 
 0.028839  0.975586  0.000000 -0.149728 0.150467 -0.294454; 
 0.030853  0.979248 -0.000183 -0.150989 0.150032 -0.295411; 
 0.030029  0.975677 -0.000092 -0.149989 0.147988 -0.295324; 
 0.027924  0.976776  0.000000 -0.149075 0.150119 -0.294367; 
 0.028564  0.982819  0.001465 -0.149467 0.150467 -0.294889; 
 0.027283  0.983002  0.000641 -0.151163 0.148640 -0.295063; 
 0.028015  0.983093  0.001007 -0.149989 0.148814 -0.295498; 
 0.027740  0.981445  0.000916 -0.147727 0.150380 -0.294193; 
 0.028473  0.981262  0.001465 -0.150684 0.150467 -0.295063; 
 0.029205  0.977051 -0.000183 -0.150510 0.149597 -0.295585; 
 0.030396  0.982910 -0.001465 -0.148640 0.148380 -0.294715; 
 0.027924  0.976685 -0.001648 -0.149075 0.149858 -0.294889; 
 0.027466  0.975677  0.000092 -0.149989 0.150119 -0.295324; 
 0.028290  0.975403  0.000000 -0.150989 0.148380 -0.295498; 
 0.028290  0.975861  0.000183 -0.149075 0.149771 -0.294715; 
 0.030396  0.975494  0.000275 -0.148814 0.151206 -0.295324; 
 0.029114  0.976776 -0.001099 -0.150989 0.149162 -0.295237; 
 0.029846  0.981445 -0.000641 -0.150510 0.148988 -0.294715; 
 0.028107  0.980896 -0.000732 -0.148727 0.148901 -0.294454; 
 0.026642  0.979706 -0.000183 -0.149554 0.149771 -0.294976; 
 0.028839  0.984009  0.002106 -0.151163 0.149945 -0.295498; 
 0.028839  0.983643  0.001923 -0.149728 0.148640 -0.295324; 
 0.029022  0.978973  0.001465 -0.148249 0.149902 -0.294150; 
 0.029388  0.976593  0.000916 -0.150163 0.151032 -0.294802; 
 0.029938  0.977051  0.000458 -0.150989 0.148466 -0.295411; 
 0.030304  0.975677 -0.001007 -0.149902 0.149075 -0.294889; 
 0.028473  0.977234 -0.002747 -0.148988 0.149945 -0.294106; 
 0.026001  0.980255 -0.000549 -0.150163 0.149771 -0.295150; 
 0.026733  0.978333 -0.002380 -0.151685 0.149162 -0.295063; 
 0.026550  0.973938 -0.000458 -0.148640 0.148466 -0.294889; 
 0.028107  0.980713 -0.001740 -0.148640 0.149858 -0.294541; 
 0.031860  0.982635  0.000366 -0.150336 0.150815 -0.294889; 
 0.029388  0.978973  0.000824 -0.150771 0.148293 -0.295411; 
 0.030029  0.976410  0.002563 -0.148988 0.150467 -0.294367; 
 0.029114  0.979706  0.002472 -0.148553 0.150945 -0.294454; 
 0.028656  0.979889  0.001282 -0.150902 0.148901 -0.295324; 
 0.028748  0.976593  0.000641 -0.150684 0.149336 -0.295324; 
 0.029480  0.980804 -0.000641 -0.148380 0.148814 -0.294715; 
 0.028839  0.978149 -0.001831 -0.149815 0.150467 -0.294889; 
 0.026001  0.973846 -0.003387 -0.150641 0.149380 -0.294976; 
 0.028656  0.979065 -0.001648 -0.149989 0.148293 -0.295063; 
 0.029388  0.983734 -0.001648 -0.149162 0.150119 -0.294715; 
 0.028839  0.976501 -0.000916 -0.149641 0.150815 -0.294628; 
 0.027649  0.973480 -0.000183 -0.151337 0.148814 -0.295411; 
 0.029572  0.981079  0.000916 -0.149597 0.149293 -0.295454; 
 0.030212  0.979431  0.002472 -0.147640 0.150206 -0.294367; 
 0.028564  0.977325  0.001282 -0.150902 0.149945 -0.295237; 
 0.030579  0.981995  0.000824 -0.150989 0.149858 -0.295063; 
 0.029388  0.979797  0.001282 -0.148988 0.148814 -0.294715; 
 0.027832  0.978607  0.000275 -0.148380 0.150728 -0.294367; 
 0.029205  0.982635 -0.000275 -0.150423 0.150815 -0.295237; 
 0.028748  0.983002 -0.000549 -0.150684 0.148293 -0.295498; 
 0.029114  0.978607 -0.002563 -0.148814 0.149423 -0.294976; 
 0.027191  0.977234 -0.000916 -0.149075 0.150728 -0.294541; 
 0.027832  0.977234 -0.000092 -0.150163 0.148814 -0.295237; 
 0.029388  0.980804  0.001007 -0.150249 0.148988 -0.295063; 
 0.029480  0.975403  0.001373 -0.148380 0.149684 -0.294715; 
 0.029205  0.975861  0.000366 -0.149075 0.150119 -0.294715; 
 0.029663  0.978241  0.000916 -0.150902 0.150032 -0.295063; 
 0.027466  0.976501 -0.000275 -0.149249 0.148293 -0.295063; 
 0.028748  0.978699 -0.000458 -0.149380 0.150119 -0.294367; 
 0.029755  0.979797 -0.000641 -0.149641 0.151206 -0.294802; 
 0.028107  0.980255 -0.000458 -0.150597 0.148727 -0.295411; 
 0.028748  0.980804  0.000092 -0.150076 0.149162 -0.294889; 
 0.028564  0.978149  0.000641 -0.147640 0.150554 -0.294367; 
 0.029480  0.978241  0.000458 -0.150076 0.149945 -0.295150; 
 0.029388  0.980804  0.000183 -0.151511 0.149510 -0.295324; 
 0.028748  0.978699  0.000824 -0.148466 0.148814 -0.294715; 
 0.029480  0.976868  0.000458 -0.149162 0.150641 -0.294454; 
 0.030487  0.975861 -0.000092 -0.149902 0.150206 -0.294976; 
 0.030029  0.979797 -0.002289 -0.151163 0.147814 -0.295933; 
 0.030212  0.978241 -0.000824 -0.149554 0.149684 -0.294715; 
 0.028748  0.979340 -0.000458 -0.148119 0.150641 -0.294454; 
 0.026001  0.981354 -0.000824 -0.151076 0.149249 -0.295237; 
 0.027374  0.978149 -0.000732 -0.149989 0.148814 -0.295759; 
 0.028290  0.977051  0.000549 -0.148553 0.149249 -0.294280; 
 0.030487  0.981903  0.000092 -0.150076 0.150119 -0.295063; 
 0.030762  0.979614  0.000183 -0.150684 0.149510 -0.295237; 
 0.029297  0.975677  0.001190 -0.150249 0.148553 -0.294889; 
 0.027924  0.976959 -0.000183 -0.148553 0.149684 -0.294628; 
 0.029022  0.978882 -0.000916 -0.149380 0.151206 -0.294367; 
 0.028015  0.979797 -0.000732 -0.151076 0.148380 -0.295585; 
 0.028931  0.979614  0.000000 -0.149641 0.149510 -0.294715; 
 0.028656  0.973938 -0.001831 -0.148988 0.149684 -0.294367; 
 0.027924  0.979523 -0.001007 -0.149989 0.149945 -0.295063; 
 0.030396  0.978149 -0.001282 -0.151772 0.149075 -0.295150; 
 0.029572  0.974670 -0.000092 -0.149641 0.149249 -0.294541; 
 0.027832  0.978882  0.000824 -0.149162 0.150945 -0.294019; 
 0.030853  0.978973 -0.000641 -0.150249 0.150206 -0.294889; 
 0.028748  0.979889  0.001190 -0.150423 0.148727 -0.295237; 
 0.029572  0.978058  0.002014 -0.149249 0.149684 -0.294628; 
 0.029388  0.983368  0.000092 -0.148553 0.150467 -0.294106; 
 0.027100  0.979523  0.000916 -0.150510 0.149249 -0.295324; 
 0.027649  0.978424  0.000275 -0.150423 0.149336 -0.295237; 
 0.027100  0.974396 -0.002014 -0.148380 0.148901 -0.294715; 
 0.027924  0.976044 -0.002563 -0.149989 0.150032 -0.294715; 
 0.031586  0.979340 -0.002197 -0.151424 0.150119 -0.295324; 
 0.030029  0.976959 -0.002197 -0.149989 0.147901 -0.294976; 
 0.027100  0.983002 -0.000092 -0.149075 0.149858 -0.294715; 
 0.027100  0.981812 -0.000092 -0.148901 0.150380 -0.294715; 
 0.026276  0.974487  0.001007 -0.151337 0.149249 -0.295237; 
 0.029663  0.975403  0.001099 -0.149467 0.149510 -0.295063; 
 0.031769  0.980164 -0.001007 -0.148032 0.149858 -0.294193; 
 0.032410  0.983917  0.000183 -0.150336 0.150293 -0.295150; 
 0.030212  0.977325 -0.000366 -0.151076 0.149510 -0.295585; 
 0.027649  0.976318 -0.000641 -0.149641 0.148466 -0.294976; 
 0.025543  0.977417 -0.001007 -0.149162 0.150032 -0.294976; 
 0.027649  0.982086 -0.002014 -0.150684 0.149597 -0.295237; 
 0.027466  0.977234 -0.000916 -0.150597 0.148075 -0.295063; 
 0.030487  0.977051 -0.000366 -0.148988 0.149162 -0.294802; 
 0.033234  0.976685 -0.000183 -0.148727 0.151032 -0.294454; 
 0.031860  0.978149  0.000000 -0.151032 0.149815 -0.295193; 
 0.029388  0.979980  0.001190 -0.150032 0.149206 -0.295020; 
 0.026550  0.980530  0.000732 -0.148380 0.149510 -0.294976; 
 0.024536  0.979889 -0.000458 -0.149728 0.149684 -0.294628; 
 0.026733  0.973663 -0.000641 -0.150771 0.150206 -0.295324; 
 0.029938  0.978973 -0.000641 -0.150423 0.147814 -0.295324; 
 0.031952  0.982269  0.000824 -0.148553 0.149858 -0.294541; 
 0.032043  0.978241 -0.001007 -0.149728 0.150641 -0.294280; 
 0.029297  0.974762  0.000000 -0.150684 0.148553 -0.295585; 
 0.028656  0.981262  0.002563 -0.149554 0.149336 -0.294976; 
 0.026733  0.977692  0.000549 -0.148206 