FD=3
Warning! IMU sync sequence took longer than 4 bytes!!
-0.021973  0.977966  0.014008 -0.055316 0.274189 -0.020004; 
-0.026459  0.980438  0.014008 -0.055664 0.274015 -0.019221; 
-0.025543  0.986023  0.013824 -0.052924 0.273841 -0.018526; 
-0.024353  0.983734  0.013092 -0.054403 0.274972 -0.019308; 
-0.026184  0.982269  0.013000 -0.054751 0.275146 -0.019482; 
-0.023438  0.981812  0.013550 -0.054490 0.272841 -0.019482; 
-0.023438  0.982727  0.012817 -0.053794 0.274624 -0.018874; 
-0.026825  0.984833  0.015930 -0.053794 0.276015 -0.018787; 
-0.024536  0.980255  0.013733 -0.056012 0.273928 -0.019830; 
-0.026642  0.981628  0.013916 -0.054229 0.273754 -0.019656; 
-0.025085  0.980896  0.013824 -0.052837 0.275059 -0.019135; 
-0.024261  0.984650  0.015381 -0.054577 0.274798 -0.020091; 
-0.026917  0.985748  0.013824 -0.055490 0.274189 -0.019743; 
-0.023987  0.983093  0.015106 -0.053359 0.273450 -0.019221; 
-0.025909  0.981628  0.013000 -0.053533 0.275059 -0.019569; 
-0.025726  0.982910  0.012817 -0.054838 0.274885 -0.019656; 
-0.022797  0.981445  0.014099 -0.055577 0.273015 -0.020178; 
-0.026550  0.986847  0.013550 -0.053359 0.274537 -0.019656; 
-0.025635  0.980347  0.013000 -0.053185 0.275755 -0.019135; 
-0.025085  0.981812  0.013458 -0.055490 0.274189 -0.020178; 
-0.025360  0.985565  0.015472 -0.055316 0.274276 -0.019395; 
-0.023071  0.981262  0.015289 -0.052837 0.274450 -0.019221; 
-0.025909  0.981537  0.013916 -0.054229 0.275233 -0.019395; 
-0.027008  0.980621  0.013184 -0.055316 0.275059 -0.019395; 
-0.023895  0.984833  0.013458 -0.054316 0.272754 -0.019482; 
-0.024536  0.980621  0.014191 -0.052924 0.275233 -0.018961; 
-0.025543  0.982086  0.013458 -0.054229 0.276102 -0.019743; 
-0.026917  0.982269  0.013916 -0.055012 0.273276 -0.020091; 
-0.023712  0.983276  0.013550 -0.055142 0.273841 -0.019395; 
-0.026093  0.984192  0.014191 -0.052620 0.274798 -0.019482; 
-0.023712  0.985199  0.015381 -0.054751 0.274624 -0.019569; 
-0.025909  0.981079  0.013550 -0.056012 0.274363 -0.019569; 
-0.025909  0.978973  0.013824 -0.053446 0.273580 -0.019048; 
-0.025726  0.983459  0.014191 -0.053533 0.275494 -0.018961; 
-0.024078  0.980713  0.014923 -0.055142 0.275407 -0.019482; 
-0.022980  0.983185  0.014648 -0.055447 0.272406 -0.019830; 
-0.024078  0.979340  0.013641 -0.054316 0.274189 -0.019221; 
-0.027374  0.982727  0.013916 -0.052620 0.275842 -0.019308; 
-0.024261  0.985107  0.016022 -0.055316 0.274363 -0.019917; 
-0.025085  0.981628  0.013916 -0.054751 0.274189 -0.020004; 
-0.024719  0.980713  0.012817 -0.052924 0.274276 -0.019308; 
-0.023895  0.980255  0.013367 -0.054055 0.275059 -0.019656; 
-0.024353  0.983459  0.012360 -0.055142 0.274363 -0.019656; 
-0.025177  0.985107  0.014374 -0.054403 0.272493 -0.019656; 
-0.025726  0.982361  0.014465 -0.053185 0.274624 -0.019395; 
-0.024811  0.980621  0.014008 -0.054229 0.275581 -0.019048; 
-0.024261  0.981171  0.013092 -0.056273 0.273754 -0.020265; 
-0.025818  0.981628  0.014465 -0.054229 0.273928 -0.019569; 
-0.026733  0.983002  0.014648 -0.052837 0.275320 -0.019135; 
-0.024811  0.981537  0.013824 -0.054664 0.274450 -0.019221; 
-0.024536  0.980164  0.013275 -0.055751 0.274624 -0.019743; 
-0.025360  0.983643  0.013641 -0.053446 0.273450 -0.019482; 
-0.024445  0.984467  0.014923 -0.053185 0.275146 -0.019482; 
-0.027557  0.982635  0.013916 -0.055229 0.275668 -0.019743; 
-0.022522  0.983093  0.015015 -0.054838 0.272754 -0.020265; 
-0.027100  0.980713  0.015106 -0.053881 0.274798 -0.019135; 
-0.023895  0.982269  0.012634 -0.053446 0.275233 -0.019308; 
-0.025543  0.981537  0.013916 -0.055142 0.274363 -0.019656; 
-0.026917  0.983459  0.012909 -0.055229 0.273841 -0.020004; 
-0.026550  0.976593  0.011993 -0.053098 0.274015 -0.019308; 
-0.022614  0.984650  0.014557 -0.054490 0.274885 -0.019308; 
-0.026276  0.981354  0.015839 -0.055012 0.274711 -0.019917; 
-0.022980  0.982910  0.015198 -0.053968 0.272667 -0.019743; 
-0.026184  0.979431  0.013550 -0.053098 0.274885 -0.019395; 
-0.025085  0.984558  0.012360 -0.054055 0.275407 -0.019308; 
-0.026459  0.982086  0.013641 -0.055490 0.274102 -0.020004; 
-0.022614  0.982910  0.015472 -0.054403 0.274276 -0.019308; 
-0.026825  0.981262  0.012543 -0.052359 0.274711 -0.018787; 
-0.023895  0.982544  0.014465 -0.055316 0.274798 -0.019656; 
-0.027191  0.983459  0.013641 -0.056099 0.274363 -0.020265; 
-0.023071  0.984192  0.014648 -0.053620 0.273102 -0.019395; 
-0.024261  0.980255  0.012634 -0.053794 0.274972 -0.019135; 
-0.026459  0.982452  0.013000 -0.055012 0.275059 -0.019656; 
-0.026459  0.981720  0.013458 -0.055490 0.272928 -0.019830; 
-0.023987  0.982361  0.014465 -0.053359 0.274972 -0.018961; 
-0.024353  0.984375  0.014374 -0.053185 0.275928 -0.019135; 
-0.026001  0.980896  0.016205 -0.055316 0.274363 -0.019656; 
-0.024078  0.979248  0.013550 -0.054925 0.273450 -0.019743; 
-0.025818  0.983643  0.013641 -0.053185 0.274102 -0.019135; 
-0.026001  0.983185  0.014923 -0.054490 0.275407 -0.019395; 
-0.025452  0.981537  0.012817 -0.055316 0.274711 -0.019830; 
-0.023438  0.982178  0.014465 -0.053968 0.273189 -0.019308; 
-0.025909  0.981079  0.013458 -0.053359 0.274885 -0.019221; 
-0.025085  0.982727  0.014923 -0.054838 0.275581 -0.019308; 
-0.026459  0.982269  0.014099 -0.055403 0.273450 -0.019830; 
-0.023804  0.981445  0.012909 -0.054490 0.273754 -0.019482; 
-0.024628  0.981079  0.014008 -0.053185 0.275842 -0.019135; 
-0.025085  0.983917  0.013275 -0.055142 0.274363 -0.019308; 
-0.026642  0.981354  0.014648 -0.056012 0.274711 -0.019482; 
-0.025452  0.981995  0.013550 -0.053620 0.273928 -0.019656; 
-0.023346  0.979980  0.014099 -0.053968 0.275059 -0.019135; 
-0.026276  0.980255  0.014923 -0.054925 0.275581 -0.019482; 
-0.021790  0.984283  0.016571 -0.055229 0.272928 -0.020091; 
-0.025818  0.980713  0.015381 -0.053533 0.274711 -0.019048; 
-0.026184  0.980896  0.014648 -0.053272 0.275494 -0.019308; 
-0.024902  0.978333  0.013733 -0.055968 0.273624 -0.019917; 
-0.023621  0.982819  0.013092 -0.054925 0.273928 -0.020091; 
-0.028290  0.983185  0.013184 -0.052446 0.274711 -0.019221; 
-0.023987  0.986481  0.013458 -0.054229 0.275407 -0.019482; 
-0.027283  0.980621  0.012085 -0.055142 0.274450 -0.019917; 
-0.021973  0.979523  0.013275 -0.054664 0.273189 -0.019482; 
-0.027191  0.982910  0.015747 -0.053359 0.275059 -0.019135; 
-0.024719  0.983551  0.015381 -0.053794 0.275842 -0.018961; 
-0.025726  0.980713  0.014832 -0.055925 0.273928 -0.020700; 
-0.024353  0.979980  0.013367 -0.053881 0.274189 -0.019308; 
-0.027008  0.983093  0.012085 -0.053098 0.274798 -0.018613; 
-0.023254  0.983002  0.015472 -0.055360 0.274580 -0.020004; 
-0.026459  0.983185  0.014099 -0.055577 0.274276 -0.019917; 
-0.024994  0.980530  0.013824 -0.054012 0.273798 -0.019569; 
-0.025452  0.979523  0.013550 -0.052924 0.275581 -0.019048; 
-0.024170  0.986298  0.013733 -0.055229 0.274885 -0.019917; 
-0.023529  0.983093  0.015381 -0.054925 0.273189 -0.019743; 
-0.026550  0.980896  0.012268 -0.053620 0.274624 -0.019308; 
-0.026001  0.980164  0.015381 -0.053881 0.276189 -0.019135; 
-0.023895  0.984833  0.014374 -0.055012 0.274363 -0.020004; 
-0.025543  0.982819  0.014374 -0.055012 0.273841 -0.019569; 
-0.025635  0.980804  0.012543 -0.053359 0.274276 -0.019395; 
-0.024994  0.980438  0.013367 -0.053881 0.275581 -0.019656; 
-0.026550  0.979614  0.012268 -0.055968 0.274493 -0.020178; 
-0.024628  0.982635  0.015381 -0.053707 0.272928 -0.020004; 
-0.026184  0.981354  0.014832 -0.053185 0.274363 -0.018961; 
-0.023712  0.981812  0.013824 -0.053968 0.275755 -0.019569; 
-0.024536  0.979797  0.013092 -0.055577 0.273189 -0.019743; 
-0.025909  0.981995  0.014008 -0.054490 0.274276 -0.019743; 
-0.026459  0.982544  0.013733 -0.052272 0.275494 -0.018961; 
-0.024719  0.983917  0.015747 -0.055403 0.275059 -0.019569; 
-0.024078  0.978882  0.013092 -0.056186 0.274885 -0.019917; 
-0.024902  0.984833  0.013733 -0.053011 0.273276 -0.019482; 
-0.024445  0.984467  0.014648 -0.053881 0.275233 -0.019048; 
-0.024628  0.981628  0.014465 -0.055142 0.275407 -0.019482; 
-0.026367  0.983368  0.013275 -0.055751 0.272319 -0.020352; 
-0.023438  0.979065  0.014099 -0.053881 0.274972 -0.019395; 
-0.027832  0.982910  0.013092 -0.053446 0.275407 -0.019482; 
-0.023987  0.979980  0.015656 -0.055403 0.274537 -0.020178; 
-0.026733  0.984833  0.014099 -0.054577 0.274102 -0.019308; 
-0.023163  0.981903  0.014008 -0.053011 0.274015 -0.018961; 
-0.022797  0.980988  0.014282 -0.053968 0.275494 -0.019482; 
-0.028290  0.983734  0.013000 -0.055186 0.273972 -0.019482; 
-0.024536  0.982361  0.013092 -0.054403 0.272928 -0.019569; 
-0.024811  0.981995  0.012634 -0.053272 0.274711 -0.019395; 
-0.026459  0.982452  0.013458 -0.054229 0.275755 -0.019569; 
-0.025726  0.981628  0.014832 -0.056099 0.273276 -0.020439; 
-0.024170  0.984467  0.014923 -0.054403 0.274015 -0.019569; 
-0.022705  0.981628  0.014557 -0.053272 0.274885 -0.019221; 
-0.026367  0.981812  0.013916 -0.055490 0.274450 -0.019830; 
-0.027100  0.982452  0.013458 -0.056186 0.274450 -0.019569; 
-0.025360  0.983734  0.013733 -0.053707 0.273928 -0.019569; 
-0.023163  0.981812  0.013733 -0.053055 0.274580 -0.019308; 
-0.026367  0.980621  0.014465 -0.054577 0.275407 -0.019830; 
-0.023895  0.980713  0.015198 -0.055229 0.272754 -0.020004; 
-0.025818  0.984650  0.015015 -0.053620 0.274624 -0.019395; 
-0.024170  0.983093  0.015106 -0.053446 0.275755 -0.019395; 
-0.026001  0.981995  0.014648 -0.055490 0.273928 -0.020178; 
-0.024353  0.981903  0.014008 -0.055316 0.274015 -0.019830; 
-0.027191  0.979156  0.012268 -0.053011 0.274102 -0.019221; 
-0.024811  0.985107  0.013916 -0.053794 0.274972 -0.019482; 
-0.024445  0.985840  0.014648 -0.055751 0.274972 -0.019569; 
-0.022614  0.983276  0.011993 -0.054403 0.273015 -0.020091; 
-0.024902  0.978333  0.013184 -0.053968 0.274711 -0.019482; 
-0.027374  0.982910  0.014282 -0.054055 0.275668 -0.019569; 
-0.023529  0.983551  0.016022 -0.055751 0.273102 -0.019917; 
-0.023987  0.982361  0.016754 -0.054838 0.274711 -0.019569; 
-0.026550  0.979431  0.013092 -0.052098 0.274972 -0.018874; 
-0.023895  0.981171  0.014465 -0.054838 0.274537 -0.020004; 
-0.025635  0.982727  0.012360 -0.056099 0.274276 -0.019743; 
-0.024078  0.981903  0.013275 -0.053707 0.273363 -0.019395; 
-0.026459  0.983185  0.014557 -0.053359 0.275928 -0.019048; 
-0.024628  0.982086  0.013733 -0.054664 0.274885 -0.020091; 
-0.023987  0.981812  0.014648 -0.056273 0.272580 -0.019656; 
-0.023529  0.982819  0.016571 -0.053533 0.274798 -0.019656; 
-0.025635  0.986023  0.014740 -0.053446 0.275407 -0.019221; 
-0.025177  0.981995  0.013000 -0.055751 0.274450 -0.019830; 
-0.023987  0.980164  0.011810 -0.054838 0.273841 -0.019917; 
-0.024536  0.984833  0.012543 -0.053011 0.274276 -0.019395; 
-0.024628  0.982361  0.014465 -0.054229 0.275233 -0.019656; 
-0.024628  0.982086  0.013550 -0.055577 0.274885 -0.019743; 
-0.025909  0.979706  0.014465 -0.054577 0.272928 -0.019743; 
-0.026367  0.980621  0.014282 -0.053403 0.274319 -0.019482; 
-0.025543  0.984650  0.015015 -0.054316 0.275842 -0.019482; 
-0.023712  0.982727  0.013550 -0.055490 0.272841 -0.019830; 
-0.026184  0.984283  0.012726 -0.054316 0.273580 -0.019656; 
-0.025909  0.978973  0.013824 -0.052620 0.275146 -0.019048; 
-0.022797  0.984283  0.014191 -0.054751 0.274537 -0.020091; 
-0.026917  0.982727  0.013916 -0.056360 0.274711 -0.019569; 
-0.026917  0.982544  0.014374 -0.053533 0.272841 -0.019482; 
-0.024170  0.979156  0.015839 -0.053098 0.275494 -0.019221; 
-0.023163  0.982635  0.014008 -0.054838 0.275059 -0.019830; 
-0.024261  0.984924  0.014648 -0.055316 0.272406 -0.019917; 
-0.024261  0.981537  0.013092 -0.054229 0.274276 -0.019656; 
-0.024261  0.980896  0.012360 -0.053272 0.275146 -0.018961; 
-0.026733  0.980896  0.014557 -0.055664 0.274537 -0.019830; 
-0.025177  0.984833  0.014374 -0.055664 0.273754 -0.019830; 
-0.025543  0.980896  0.015381 -0.052272 0.274363 -0.019482; 
-0.023895  0.983002  0.013550 -0.054316 0.274711 -0.019048; 
-0.027557  0.981262  0.015015 -0.055229 0.274885 -0.020004; 
-0.023804  0.981903  0.012909 -0.054490 0.272580 -0.019830; 
-0.025635  0.983093  0.012268 -0.054012 0.273972 -0.019395; 
-0.025909  0.981079  0.011444 -0.054142 0.275494 -0.019395; 
-0.024261  0.980438  0.012360 -0.055664 0.273667 -0.020265; 
-0.025726  0.978790  0.015106 -0.054142 0.274537 -0.019308; 
-0.024628  0.982819  0.014465