FD=3
Warning! IMU sync sequence took longer than 4 bytes!!
-0.024353  0.982544  0.024353 0.018047 0.246748 0.029267; 
-0.026093  0.979340  0.022522 0.016699 0.246313 0.029180; 
-0.023438  0.981812  0.024445 0.016438 0.244574 0.029485; 
-0.024719  0.983551  0.023529 0.018265 0.246227 0.029745; 
-0.025085  0.981354  0.022797 0.017308 0.247096 0.029659; 
-0.022705  0.979340  0.025452 0.016090 0.245183 0.028658; 
-0.024078  0.982086  0.024078 0.016438 0.244661 0.029006; 
-0.025452  0.982178  0.023346 0.018047 0.246053 0.029267; 
-0.025085  0.981812  0.022522 0.017047 0.246313 0.029180; 
-0.023712  0.978333  0.021515 0.015829 0.245792 0.028745; 
-0.024170  0.979431  0.023254 0.017960 0.244922 0.028832; 
-0.025177  0.981262  0.024078 0.018395 0.246574 0.029485; 
-0.024719  0.980164  0.024811 0.016612 0.246835 0.029398; 
-0.024536  0.982452  0.023895 0.015569 0.244400 0.028484; 
-0.024902  0.982178  0.023621 0.017786 0.245966 0.029267; 
-0.025543  0.980164  0.022797 0.018743 0.246835 0.029832; 
-0.024353  0.981720  0.021881 0.016177 0.245270 0.028919; 
-0.022614  0.981171  0.023346 0.016177 0.245705 0.029180; 
-0.025177  0.982178  0.022980 0.018221 0.245009 0.029267; 
-0.025635  0.979156  0.024628 0.017308 0.246400 0.029311; 
-0.024994  0.981354  0.025726 0.016699 0.246748 0.028919; 
-0.024994  0.982452  0.024811 0.016612 0.244226 0.029093; 
-0.024811  0.980804  0.024536 0.017786 0.246227 0.029572; 
-0.026733  0.980804  0.022247 0.017873 0.246922 0.029311; 
-0.023712  0.979614  0.021606 0.015742 0.244922 0.029267; 
-0.022797  0.980255  0.023712 0.016873 0.244922 0.029180; 
-0.025909  0.979614  0.023621 0.018569 0.246053 0.029832; 
-0.023804  0.981354  0.024445 0.016786 0.246661 0.029267; 
-0.025909  0.982178  0.023438 0.016003 0.245183 0.028745; 
-0.023895  0.983276  0.025452 0.017395 0.244574 0.029267; 
-0.024536  0.984741  0.023163 0.018308 0.246574 0.029572; 
-0.025635  0.982178  0.023163 0.016525 0.247009 0.029006; 
-0.023987  0.979431  0.023254 0.015395 0.245096 0.028571; 
-0.025177  0.983551  0.023163 0.017308 0.245531 0.028832; 
-0.024902  0.981262  0.023895 0.017960 0.247096 0.030006; 
-0.022247  0.981812  0.023987 0.016090 0.245879 0.028571; 
-0.024261  0.979431  0.024445 0.015569 0.245357 0.028832; 
-0.025085  0.978058  0.023987 0.018221 0.245357 0.029267; 
-0.024445  0.981079  0.022980 0.017699 0.246574 0.029311; 
-0.023987  0.981262  0.023071 0.016525 0.246748 0.028658; 
-0.025543  0.981079  0.022064 0.016699 0.244574 0.028484; 
-0.024445  0.978333  0.022339 0.017786 0.245705 0.029485; 
-0.024536  0.984375  0.024719 0.017612 0.247009 0.029659; 
-0.024628  0.982819  0.025543 0.016003 0.245270 0.028571; 
-0.024719  0.984741  0.023438 0.016264 0.244835 0.029093; 
-0.024536  0.983002  0.022980 0.018743 0.245792 0.029006; 
-0.024353  0.977783  0.023254 0.016873 0.246400 0.029267; 
-0.025635  0.980530  0.022247 0.016090 0.246313 0.028919; 
-0.023987  0.981171  0.023438 0.017786 0.244226 0.028832; 
-0.024719  0.980530  0.022522 0.017960 0.245879 0.029745; 
-0.023621  0.981079  0.024445 0.017612 0.247531 0.028832; 
-0.026367  0.978241  0.024536 0.015829 0.244835 0.028658; 
-0.024261  0.981354  0.025360 0.017612 0.245357 0.029180; 
-0.023987  0.981354  0.021423 0.018656 0.245792 0.029659; 
-0.025177  0.981995  0.023346 0.016090 0.245879 0.028832; 
-0.025635  0.979431  0.019958 0.015482 0.244835 0.028745; 
-0.023987  0.979889  0.023438 0.018134 0.244661 0.029398; 
-0.022522  0.982819  0.024445 0.017960 0.246835 0.029572; 
-0.026367  0.981445  0.023529 0.016612 0.246400 0.028919; 
-0.025635  0.979889  0.025543 0.016090 0.244313 0.028745; 
-0.022614  0.980530  0.024628 0.017873 0.245531 0.029485; 
-0.025452  0.981537  0.023895 0.017699 0.246922 0.029832; 
-0.023529  0.979523  0.024261 0.016351 0.245705 0.028310; 
-0.023895  0.979248  0.020233 0.016264 0.244835 0.028571; 
-0.024628  0.978790  0.021698 0.018569 0.245531 0.029745; 
-0.024261  0.982635  0.021790 0.017308 0.246227 0.029093; 
-0.024536  0.980438  0.025269 0.016351 0.246053 0.028919; 
-0.023621  0.982269  0.025085 0.017134 0.244922 0.029311; 
-0.026093  0.981262  0.024261 0.018308 0.246053 0.029180; 
-0.025269  0.985291  0.024536 0.016873 0.247096 0.029311; 
-0.024811  0.982910  0.023895 0.015264 0.245270 0.028310; 
-0.023895  0.981537  0.020050 0.016960 0.245009 0.028832; 
-0.024811  0.978882  0.021149 0.018917 0.246748 0.029311; 
-0.024811  0.978973  0.022980 0.016351 0.246227 0.028832; 
-0.024261  0.980804  0.023895 0.015829 0.245531 0.028832; 
-0.023621  0.980988  0.025543 0.018308 0.245270 0.029398; 
-0.026367  0.978333  0.024353 0.018221 0.246400 0.029311; 
-0.023621  0.980713  0.023895 0.016351 0.246400 0.028832; 
-0.024628  0.979706  0.023712 0.016525 0.244487 0.028397; 
-0.024445  0.979889  0.021606 0.017786 0.245879 0.029572; 
-0.026459  0.983368  0.021057 0.018047 0.247183 0.028658; 
-0.024170  0.981079  0.022064 0.016177 0.245183 0.029006; 
-0.024445  0.979889  0.022980 0.016438 0.245531 0.028919; 
-0.026550  0.981812  0.023804 0.018308 0.245183 0.029572; 
-0.023712  0.982635  0.027374 0.017308 0.246661 0.029485; 
-0.024078  0.981354  0.023895 0.016525 0.246053 0.028832; 
-0.024902  0.979156  0.022522 0.016873 0.244313 0.029311; 
-0.025269  0.979614  0.022064 0.018134 0.246574 0.029267; 
-0.025543  0.980347  0.022247 0.017308 0.246835 0.028832; 
-0.022797  0.978333  0.022247 0.015264 0.244661 0.028832; 
-0.024353  0.981079  0.024628 0.018134 0.245705 0.029180; 
-0.025635  0.976868  0.025269 0.019178 0.246487 0.029398; 
-0.023895  0.982361  0.025726 0.016699 0.246313 0.029093; 
-0.026184  0.982635  0.023529 0.015829 0.245531 0.028484; 
-0.023895  0.980438  0.021606 0.017395 0.244400 0.029745; 
-0.023804  0.982086  0.022522 0.018395 0.246574 0.029267; 
-0.025635  0.979614  0.022797 0.016786 0.246400 0.028832; 
-0.023895  0.982544  0.023987 0.016656 0.245052 0.028876; 
-0.024994  0.981812  0.024078 0.017699 0.245270 0.029267; 
-0.024536  0.979889  0.024170 0.018395 0.247096 0.029398; 
-0.022430  0.978882  0.024445 0.016351 0.245705 0.028745; 
-0.025452  0.981079  0.023804 0.016525 0.245879 0.029311; 
-0.024261  0.981079  0.023895 0.018482 0.245444 0.029745; 
-0.024170  0.980347  0.023438 0.017699 0.246922 0.029485; 
-0.026459  0.980347  0.021790 0.015829 0.246487 0.029093; 
-0.024719  0.981079  0.023163 0.017134 0.244400 0.029006; 
-0.024902  0.980804  0.022980 0.018134 0.245879 0.029485; 
-0.024078  0.979065  0.024628 0.016960 0.247270 0.029398; 
-0.026184  0.983459  0.025360 0.015829 0.245096 0.028397; 
-0.025909  0.980438  0.024719 0.017525 0.245270 0.028832; 
-0.024445  0.981995  0.022339 0.018830 0.246140 0.029311; 
-0.022888  0.982544  0.024170 0.016264 0.246053 0.029311; 
-0.026001  0.979797  0.021149 0.015177 0.245618 0.028658; 
-0.024628  0.981995  0.021606 0.017960 0.244487 0.029267; 
-0.025360  0.978973  0.022522 0.018308 0.246400 0.029659; 
-0.024994  0.983185  0.022980 0.016612 0.246748 0.029267; 
-0.024170  0.982727  0.024994 0.016177 0.244139 0.029093; 
-0.022888  0.981262  0.024261 0.018613 0.246313 0.029832; 
-0.025543  0.980072  0.022980 0.018308 0.246487 0.029919; 
-0.026001  0.979889  0.023438 0.016177 0.245879 0.028919; 
-0.023987  0.981812  0.022339 0.016612 0.245357 0.028571; 
-0.023987  0.979980  0.022339 0.018395 0.245618 0.029485; 
-0.024811  0.982544  0.024261 0.016960 0.246574 0.029311; 
-0.026917  0.979889  0.022888 0.015916 0.246053 0.028745; 
-0.023438  0.983459  0.025726 0.017134 0.244661 0.028832; 
-0.023804  0.981903  0.024902 0.018482 0.246400 0.029180; 
-0.026093  0.981903  0.023163 0.017960 0.246574 0.029659; 
-0.026459  0.976410  0.023438 0.016177 0.245183 0.028397; 
-0.024078  0.980530  0.021240 0.017525 0.245618 0.029180; 
-0.025177  0.980347  0.022705 0.018743 0.246574 0.029572; 
-0.023987  0.981537  0.022980 0.016786 0.245792 0.028832; 
-0.024719  0.976776  0.024353 0.015569 0.245400 0.028571; 
-0.023712  0.978973  0.024445 0.017873 0.245357 0.029180; 
-0.024719  0.983185  0.024536 0.018395 0.246922 0.029180; 
-0.025635  0.981079  0.022247 0.016699 0.246487 0.029311; 
-0.023712  0.978790  0.022339 0.016438 0.243878 0.028658; 
-0.024902  0.980347  0.022247 0.018134 0.245792 0.029832; 
-0.025543  0.979706  0.023621 0.018395 0.247444 0.029832; 
-0.022980  0.984375  0.025269 0.016264 0.245183 0.028832; 
-0.025909  0.983002  0.024994 0.016264 0.245792 0.029398; 
-0.025452  0.981995  0.024811 0.018569 0.246140 0.029572; 
-0.026001  0.978424  0.022339 0.017047 0.246487 0.029659; 
-0.023163  0.983185  0.023071 0.016177 0.245879 0.029093; 
-0.023987  0.980621  0.023254 0.017395 0.243878 0.028832; 
-0.025360  0.980164  0.021606 0.017960 0.246140 0.029659; 
-0.025635  0.979156  0.024170 0.017395 0.247270 0.029180; 
-0.024261  0.979248  0.023712 0.015656 0.244487 0.028571; 
-0.024170  0.984375  0.027100 0.017525 0.245270 0.029311; 
-0.028198  0.979614  0.024078 0.018569 0.246227 0.029745; 
-0.024261  0.981812  0.024994 0.016438 0.246313 0.029180; 
-0.024445  0.981995  0.021606 0.016003 0.245705 0.028919; 
-0.024719  0.983185  0.022888 0.018047 0.244835 0.029180; 
-0.024536  0.982086  0.023621 0.018134 0.246661 0.029572; 
-0.024719  0.980347  0.024445 0.016786 0.246661 0.029006; 
-0.023163  0.981171  0.024628 0.015656 0.243878 0.029093; 
-0.025177  0.980896  0.024353 0.018395 0.245879 0.029180; 
-0.025635  0.981079  0.024719 0.018221 0.246400 0.029572; 
-0.024536  0.981079  0.025085 0.015656 0.245792 0.029006; 
-0.026276  0.980530  0.022064 0.016351 0.244835 0.028832; 
-0.024170  0.979248  0.022980 0.018482 0.245270 0.029485; 
-0.023254  0.982544  0.025543 0.017612 0.246661 0.029267; 
-0.025909  0.981262  0.023621 0.016090 0.245792 0.029006; 
-0.024902  0.982727  0.023621 0.017612 0.244400 0.029093; 
-0.025635  0.981079  0.024078 0.018482 0.245705 0.029267; 
-0.024536  0.981812  0.023712 0.016960 0.246661 0.029267; 
-0.023621  0.981812  0.023895 0.016003 0.245357 0.028571; 
-0.024811  0.980804  0.024536 0.016960 0.245705 0.029311; 
-0.023712  0.978790  0.022614 0.018308 0.246835 0.029745; 
-0.023254  0.979065  0.023529 0.016612 0.246227 0.028832; 
-0.026001  0.981445  0.022064 0.015656 0.245096 0.028919; 
-0.024353  0.982727  0.025269 0.018134 0.245357 0.029006; 
-0.024902  0.980896  0.023895 0.018134 0.246053 0.029485; 
-0.024170  0.978973  0.023895 0.016612 0.246835 0.028919; 
-0.025818  0.980988  0.022888 0.015742 0.243791 0.028658; 
-0.025360  0.981079  0.024170 0.017612 0.245879 0.029659; 
-0.024445  0.980621  0.023987 0.018482 0.246574 0.029572; 
-0.025269  0.981262  0.021790 0.015742 0.245444 0.028397; 
-0.024811  0.981079  0.024994 0.016090 0.245531 0.028919; 
-0.025635  0.981537  0.024261 0.018743 0.245096 0.029832; 
-0.023895  0.982727  0.023895 0.017395 0.246487 0.029572; 
-0.026459  0.980988  0.022156 0.016264 0.246313 0.029006; 
-0.024811  0.979156  0.022522 0.017221 0.244226 0.028658; 
-0.023346  0.982727  0.022339 0.018134 0.246227 0.029745; 
-0.026184  0.984558  0.023163 0.017569 0.246835 0.029137; 
-0.025726  0.981079  0.025452 0.015569 0.244922 0.028484; 
-0.024902  0.981720  0.024078 0.017134 0.245270 0.028745; 
-0.023621  0.981079  0.023895 0.018917 0.246748 0.029572; 
-0.025452  0.981354  0.023438 0.016612 0.246227 0.028919; 
-0.025635  0.982819  0.021515 0.015916 0.245357 0.028397; 
-0.024628  0.981812  0.021790 0.018221 0.245183 0.029093; 
-0.024170  0.979889  0.023712 0.018221 0.246748 0.029311; 
-0.026184  0.981537  0.024811 0.016264 0.245879 0.028919; 
-0.023529  0.985291  0.026825 0.016351 0.244400 0.028310; 
-0.024536  0.982635  0.022888 0.017873 0.245531 0.029832; 
-0.026367  0.981903  0.023346 0.017786 0.247357 0.029485; 
-0.024811  0.980072  0.021790 0.016003 0.245705 0.028571; 
-0.024445  0.979980  0.022614 0.016177 0.245357 0.029180; 
-0.024078  0.979156  0.021698 0.018395 0.245444 0.029180; 
-0.024902  0.980164  0.024078 0.017221 0.245966 0.028919; 
-0.024078  0.979248  0.024628 0.015656 0.245792 0.029093; 
-0.024078  0.979523  0.025085 0.017612 0.244313 0.028745; 
-0.024994  0.981262  0.024628 0.017960 0.246140 0.029311; 
-0.025543  0.981537  0.022522 0.016960 0.246487 0.029006; 
-0.024170  0.982635  0.021423 0.015656 0.244226 0.028136; 
-0.026276  0.980347  0.021057 0.016786 0.245357 0.029311; 
-0.026001  0.981537  0.021790 0.018569 0.246661 0.029311; 
-0.023438  0.983002  0.025543 0.016525 0.245705 0.029180; 
-0.022888  0.981