FD=3
-0.007050  0.977325  0.004944 0.031224 0.242095 -0.052620; 
-0.017487  0.981262 -0.001099 -0.025049 0.291367 -0.088323; 
-0.016937  0.978424 -0.001923 -0.023179 0.290584 -0.087540; 
-0.016571  0.980255 -0.000916 -0.023179 0.292367 -0.087280; 
-0.018585  0.977783 -0.000092 -0.024179 0.292062 -0.087888; 
-0.016937  0.979431 -0.000458 -0.025136 0.290149 -0.088062; 
-0.015839  0.981079 -0.001190 -0.023657 0.291801 -0.087366; 
-0.018494  0.979980 -0.001740 -0.023005 0.292889 -0.087888; 
-0.016663  0.980072 -0.002106 -0.025310 0.290584 -0.088410; 
-0.017670  0.979614 -0.001648 -0.024527 0.291280 -0.088584; 
-0.016846  0.982910 -0.001007 -0.022483 0.291975 -0.087280; 
-0.016754  0.983551 -0.001099 -0.023657 0.292149 -0.088497; 
-0.017853  0.982544 -0.003113 -0.025310 0.291541 -0.088410; 
-0.016022  0.978516 -0.000916 -0.024005 0.289801 -0.087801; 
-0.017670  0.982635 -0.002289 -0.022918 0.291975 -0.087540; 
-0.017761  0.982910 -0.000458 -0.023570 0.292149 -0.087975; 
-0.016754  0.979523 -0.000366 -0.025527 0.290584 -0.088758; 
-0.016205  0.977509 -0.001373 -0.024092 0.291019 -0.088323; 
-0.018311  0.978607 -0.001465 -0.023005 0.292149 -0.087453; 
-0.017487  0.984009 -0.000641 -0.024614 0.291801 -0.088410; 
-0.016388  0.980988 -0.002655 -0.025223 0.290323 -0.087888; 
-0.016479  0.981445 -0.003021 -0.022396 0.291019 -0.087975; 
-0.017578  0.979065 -0.001923 -0.023440 0.292062 -0.088236; 
-0.019043  0.980713 -0.001831 -0.024962 0.291975 -0.088236; 
-0.015656  0.984009 -0.001648 -0.024527 0.290149 -0.088497; 
-0.016571  0.980621 -0.000732 -0.023092 0.291628 -0.087888; 
-0.017395  0.980072 -0.002106 -0.023570 0.292802 -0.087801; 
-0.016937  0.980072 -0.000275 -0.025440 0.290584 -0.089019; 
-0.017853  0.980530 -0.001282 -0.024440 0.291019 -0.088323; 
-0.018494  0.977417 -0.003113 -0.022483 0.291367 -0.087714; 
-0.016296  0.980988 -0.000092 -0.024527 0.292062 -0.088323; 
-0.016754  0.979340 -0.001648 -0.025310 0.291367 -0.088671; 
-0.017487  0.981445 -0.001099 -0.023092 0.290149 -0.088932; 
-0.016571  0.981903 -0.001465 -0.023179 0.292149 -0.087888; 
-0.018036  0.979523 -0.002838 -0.024005 0.292454 -0.088584; 
-0.016846  0.979431 -0.001923 -0.025788 0.290584 -0.088758; 
-0.016937  0.981628 -0.002106 -0.023570 0.291628 -0.088062; 
-0.017120  0.982544 -0.002380 -0.022309 0.292062 -0.088236; 
-0.015656  0.981720 -0.001007 -0.024788 0.290845 -0.088323; 
-0.017487  0.980988 -0.000092 -0.025136 0.291541 -0.088497; 
-0.017944  0.979523 -0.001007 -0.022744 0.290932 -0.088236; 
-0.016571  0.981720 -0.000366 -0.023092 0.291975 -0.088584; 
-0.015656  0.978241 -0.002563 -0.024962 0.291975 -0.088671; 
-0.018494  0.978149 -0.001923 -0.024527 0.289714 -0.088323; 
-0.019318  0.976318 -0.003021 -0.022657 0.291367 -0.087975; 
-0.018951  0.985657 -0.001465 -0.023266 0.292454 -0.088323; 
-0.015381  0.982452 -0.001465 -0.024962 0.290497 -0.088758; 
-0.015472  0.983917 -0.000732 -0.023831 0.290149 -0.088323; 
-0.018768  0.982819 -0.001648 -0.022483 0.291367 -0.088149; 
-0.016754  0.979431 -0.001740 -0.024266 0.291801 -0.089106; 
-0.017120  0.981171 -0.002106 -0.025310 0.291106 -0.088845; 
-0.016479  0.980621  0.000000 -0.023266 0.290323 -0.088410; 
-0.016937  0.979614 -0.000458 -0.022483 0.292062 -0.088671; 
-0.018585  0.978607 -0.001007 -0.024092 0.292367 -0.088497; 
-0.017578  0.974854 -0.001556 -0.024875 0.289453 -0.089367; 
-0.016296  0.981903 -0.001740 -0.023266 0.291454 -0.088323; 
-0.016205  0.980713 -0.002380 -0.022048 0.292628 -0.088236; 
-0.016205  0.977783 -0.001556 -0.024614 0.291541 -0.089019; 
-0.018768  0.978607 -0.002472 -0.024788 0.290932 -0.088410; 
-0.017670  0.983551 -0.001099 -0.022222 0.291019 -0.088758; 
-0.014557  0.982727  0.000549 -0.023353 0.292062 -0.088671; 
-0.017029  0.981903 -0.001740 -0.024614 0.291801 -0.088758; 
-0.017670  0.979614 -0.001282 -0.024005 0.290149 -0.089193; 
-0.017395  0.981262 -0.002197 -0.022570 0.291801 -0.088410; 
-0.015656  0.981079  0.000549 -0.023005 0.292889 -0.088671; 
-0.017395  0.978607 -0.001648 -0.024962 0.290845 -0.089019; 
-0.017395  0.978882 -0.002106 -0.023570 0.290845 -0.088932; 
-0.018311  0.978149 -0.001190 -0.022309 0.292062 -0.088323; 
-0.015289  0.980988 -0.001190 -0.024353 0.291541 -0.088932; 
-0.018951  0.980347 -0.003021 -0.025527 0.291106 -0.089106; 
-0.016663  0.980347 -0.001648 -0.022831 0.290584 -0.088497; 
-0.016846  0.979523 -0.002106 -0.022744 0.292062 -0.088497; 
-0.018677  0.981628 -0.000824 -0.024440 0.292062 -0.089106; 
-0.015564  0.980621 -0.000732 -0.024527 0.289627 -0.088758; 
-0.015839  0.979431  0.000183 -0.022222 0.291714 -0.088236; 
-0.018127  0.978699 -0.001190 -0.023092 0.292454 -0.088497; 
-0.017853  0.982819 -0.001282 -0.024701 0.291280 -0.089367; 
-0.017303  0.984283 -0.001556 -0.024440 0.290671 -0.089280; 
-0.016937  0.981903 -0.002197 -0.022309 0.291280 -0.088323; 
-0.016022  0.983551 -0.002655 -0.023353 0.292062 -0.089193; 
-0.019409  0.979980 -0.003204 -0.025440 0.291193 -0.089106; 
-0.016754  0.980255 -0.000732 -0.023918 0.290149 -0.088671; 
-0.015289  0.978424 -0.001190 -0.022309 0.291541 -0.088845; 
-0.017212  0.982544 -0.001373 -0.023657 0.292236 -0.089019; 
-0.017029  0.982635 -0.002014 -0.025223 0.290410 -0.089497; 
-0.016479  0.981079 -0.001282 -0.023744 0.290410 -0.088758; 
-0.017944  0.982819 -0.001740 -0.022309 0.292062 -0.088236; 
-0.015839  0.981537 -0.000275 -0.024701 0.291106 -0.089367; 
-0.016937  0.980713 -0.001923 -0.025049 0.290845 -0.089106; 
-0.017120  0.978607 -0.001465 -0.022396 0.290758 -0.089193; 
-0.017853  0.980530 -0.001099 -0.023005 0.292280 -0.088671; 
-0.016479  0.982178 -0.001648 -0.024353 0.291975 -0.089019; 
-0.016296  0.980530 -0.002106 -0.024701 0.289627 -0.089280; 
-0.017853  0.979614 -0.002747 -0.023396 0.291367 -0.088149; 
-0.017853  0.981171 -0.002655 -0.022396 0.292367 -0.089193; 
-0.016296  0.980713  0.000000 -0.025136 0.290584 -0.089280; 
-0.016296  0.977600  0.000458 -0.024701 0.291541 -0.089193; 
-0.018219  0.978607 -0.002472 -0.022396 0.291454 -0.088845; 
-0.017029  0.978882  0.000092 -0.024527 0.291541 -0.088845; 
-0.017487  0.983002 -0.002197 -0.024614 0.291367 -0.089410; 
-0.015930  0.984009 -0.000824 -0.023440 0.289801 -0.089019; 
-0.017029  0.982452 -0.001282 -0.022831 0.291714 -0.088845; 
-0.017670  0.979156 -0.001465 -0.024440 0.292149 -0.088932; 
-0.016205  0.978516 -0.000183 -0.025701 0.290149 -0.089280; 
-0.017120  0.979523 -0.002197 -0.023266 0.290758 -0.088932; 
-0.019409  0.979248 -0.002930 -0.022048 0.291975 -0.088497; 
-0.017029  0.982361 -0.001282 -0.024875 0.291106 -0.089584; 
-0.016205  0.979614 -0.001373 -0.024788 0.291106 -0.089497; 
-0.017944  0.981079 -0.001373 -0.023222 0.290410 -0.088584; 
-0.017853  0.984558  0.000824 -0.022831 0.292149 -0.089106; 
-0.016754  0.979340 -0.001190 -0.024614 0.291975 -0.089193; 
-0.016479  0.980988 -0.001007 -0.024266 0.289975 -0.089497; 
-0.017303  0.976776 -0.002289 -0.022744 0.291106 -0.089367; 
-0.017029  0.983734 -0.001282 -0.023657 0.292541 -0.089106; 
-0.016937  0.981445 -0.002197 -0.024701 0.290845 -0.090106; 
-0.015839  0.983276 -0.001740 -0.023744 0.290584 -0.089193; 
-0.018311  0.979614 -0.001556 -0.022222 0.291714 -0.088671; 
-0.015381  0.980896 -0.000641 -0.023831 0.291714 -0.089454; 
-0.018036  0.980530 -0.002014 -0.025527 0.290932 -0.088845; 
-0.018311  0.981628 -0.000916 -0.022918 0.290236 -0.089193; 
-0.016479  0.976959 -0.001099 -0.023092 0.291975 -0.088410; 
-0.016663  0.981262 -0.002563 -0.024353 0.292149 -0.089280; 
-0.016754  0.981445 -0.001740 -0.025049 0.289888 -0.089497; 
-0.018494  0.982819  0.000824 -0.022918 0.291714 -0.088584; 
-0.016296  0.980347 -0.000916 -0.022396 0.292280 -0.088845; 
-0.015198  0.980621 -0.000458 -0.024527 0.291628 -0.089497; 
-0.018768  0.979797 -0.001099 -0.024527 0.291193 -0.089280; 
-0.018311  0.981628 -0.002289 -0.022570 0.290671 -0.089106; 
-0.015472  0.984741 -0.000092 -0.023179 0.292280 -0.088236; 
-0.015289  0.980347 -0.003296 -0.024092 0.291541 -0.089367; 
-0.016754  0.981445 -0.000824 -0.024092 0.289366 -0.088932; 
-0.017395  0.981262 -0.000641 -0.022744 0.291888 -0.088758; 
-0.016479  0.980621 -0.000916 -0.023440 0.293063 -0.088671; 
-0.017944  0.980347 -0.001007 -0.025440 0.290236 -0.089454; 
-0.016754  0.978699 -0.000458 -0.023570 0.291280 -0.089932; 
-0.018585  0.981445 -0.002014 -0.022309 0.291367 -0.088671; 
-0.016113  0.981995 -0.000275 -0.024440 0.291888 -0.089367; 
-0.017853  0.981171 -0.001282 -0.025136 0.291628 -0.089497; 
-0.014923  0.983368  0.000366 -0.022657 0.290410 -0.089019; 
-0.015106  0.978790 -0.000916 -0.022744 0.292541 -0.088845; 
-0.018127  0.983459 -0.002289 -0.023657 0.292280 -0.089193; 
-0.018494  0.979980 -0.001465 -0.025049 0.289453 -0.089845; 
-0.015289  0.984009 -0.002563 -0.022831 0.291019 -0.089106; 
-0.016571  0.980804 -0.001190 -0.022744 0.292715 -0.088671; 
-0.017761  0.982727 -0.001923 -0.024179 0.290845 -0.090411; 
-0.019135  0.980347  0.000366 -0.024614 0.290410 -0.089410; 
-0.015747  0.980530 -0.001190 -0.022396 0.291714 -0.088584; 
-0.015747  0.981537 -0.001373 -0.023657 0.292149 -0.089280; 
-0.017487  0.980530 -0.001282 -0.025440 0.291714 -0.089193; 
-0.017395  0.981903 -0.001556 -0.023831 0.289975 -0.089410; 
-0.018127  0.980255 -0.001556 -0.022744 0.291801 -0.089106; 
-0.017120  0.979797 -0.001648 -0.023440 0.292802 -0.089367; 
-0.015839  0.980072 -0.001190 -0.025440 0.289714 -0.089845; 
-0.015289  0.984375  0.000000 -0.023831 0.290323 -0.088932; 
-0.017487  0.980072 -0.000549 -0.021700 0.292280 -0.088671; 
-0.017670  0.981354 -0.000916 -0.024701 0.291367 -0.089019; 
-0.017212  0.979889 -0.001648 -0.025136 0.291801 -0.089410; 
-0.016479  0.981995 -0.001648 -0.022918 0.290410 -0.089106; 
-0.016479  0.981079 -0.001007 -0.022483 0.292062 -0.088671; 
-0.018402  0.981354 -0.001740 -0.023918 0.292367 -0.089193; 
-0.016479  0.979248  0.000000 -0.024440 0.290062 -0.089497; 
-0.016754  0.978149 -0.000824 -0.023222 0.291975 -0.089193; 
-0.018311  0.983551 -0.001740 -0.023005 0.292367 -0.089019; 
-0.016022  0.980072 -0.001007 -0.024701 0.291193 -0.089367; 
-0.018127  0.981720 -0.001465 -0.024701 0.290497 -0.089367; 
-0.018768  0.979980 -0.001556 -0.022048 0.291367 -0.088497; 
-0.017029  0.980621 -0.000275 -0.023918 0.292236 -0.089019; 
-0.016296  0.981720 -0.000824 -0.024875 0.291454 -0.089497; 
-0.016937  0.982819 -0.001556 -0.024005 0.289714 -0.088845; 
-0.018127  0.983276 -0.002655 -0.022483 0.291628 -0.088932; 
-0.018402  0.982361 -0.000916 -0.023440 0.292715 -0.088758; 
-0.016937  0.980804 -0.001465 -0.025049 0.290323 -0.089497; 
-0.016296  0.979889 -0.000916 -0.023092 0.290932 -0.089193; 
-0.017395  0.980988 -0.001007 -0.022135 0.292280 -0.088497; 
-0.014557  0.978241 -0.001373 -0.023918 0.291628 -0.089584; 
-0.018311  0.979431 -0.002289 -0.024962 0.290671 -0.089628; 
-0.016937  0.981537 -0.001007 -0.022831 0.290932 -0.088932; 
-0.016479  0.980988 -0.001923 -0.022918 0.292280 -0.089019; 
-0.016571  0.982452 -0.001740 -0.024353 0.291975 -0.089280; 
-0.016296  0.978149 -0.000549 -0.024353 0.290062 -0.089541; 
-0.017120  0.979614 -0.000824 -0.023353 0.291193 -0.089193; 
-0.018585  0.978607 -0.000549 -0.022918 0.292149 -0.088497; 
-0.017395  0.981262 -0.000549 -0.024440 0.290845 -0.089410; 
-0.016388  0.977509 -0.003021 -0.024092 0.290845 -0.089193; 
-0.018402  0.980988 -0.001556 -0.021874 0.291801 -0.088845; 
-0.016113  0.982452  0.000000 -0.024266 0.292062 -0.088584; 
-0.019043  0.980988 -0.001099 -0.025136 0.291888 -0.088758; 
-0.016296  0.981995 -0.001190 -0.022918 0.290149 -0.088932; 
-0.016937  0.978058 -0.000824 -0.022309 0.291019 -0.087801; 
-0.017761  0.982452 -0.000641 -0.022918 0.292802 -0.088323; 
-0.016479  0.976868 -0.000641 -0.025701 0.289801 -0.088758; 
-0.018585  0.981354 -0.001556 -0.022657 0.291541 -0.088323; 
-0.017212  0.982086 -0.002472 -0.022048 0.291975 -0.088323; 
-0.014282  0.981537 -0.000916 -0.024179 0.291541 -0.089193; 
-0.017212  0.982635 -0.002380 -0.024440 0.290584 -0.089106; 
-0.019867  0.977417 -0.001740 -0.022309 0.290236 -0.088236; 
-0.017487  0.981903 -0.000092 -0.022657 0.292149 -0.087975; 
-0.017670  0.980072 -0.000366 -0.023918 0.291975 -0.088497; 
-0.015564  0.982086 -0.001556 -0.024353 0.288931 -0.088671; 
-0.016937  0.981445 -0.000549 -0.022222 0.291888 -0.087975; 
-0.017395  0.980347 -0.000824 -0.022918 0.292062 -0.087975; 
-0.017578  0.977783 -0.