FD=3
Warning! IMU sync sequence took longer than 4 bytes!!
 0.009796  0.981720 -0.006409 -0.211219 0.174211 -0.321460; 
 0.010895  0.983826 -0.006958 -0.212350 0.174646 -0.321503; 
 0.008514  0.978790 -0.007233 -0.213959 0.172646 -0.322373; 
 0.008331  0.980255 -0.006500 -0.213046 0.173428 -0.321764; 
 0.009613  0.978424 -0.008331 -0.211436 0.174037 -0.321199; 
 0.009521  0.981812 -0.006775 -0.213437 0.174037 -0.322330; 
 0.010529  0.981903 -0.007782 -0.214394 0.174037 -0.322286; 
 0.008057  0.979340 -0.009613 -0.212089 0.172689 -0.321982; 
 0.006134  0.970917 -0.009521 -0.211915 0.173863 -0.321547; 
 0.010437  0.978973 -0.005219 -0.212872 0.174733 -0.321764; 
 0.010254  0.984375 -0.007233 -0.214133 0.171950 -0.322286; 
 0.011627  0.977325 -0.006134 -0.212350 0.173602 -0.321764; 
 0.012451  0.982544 -0.004852 -0.211654 0.174907 -0.321721; 
 0.006134  0.978241 -0.007233 -0.213698 0.173689 -0.321677; 
 0.007050  0.977234 -0.007050 -0.214089 0.173341 -0.322678; 
 0.010803  0.979340 -0.007324 -0.211741 0.172559 -0.321416; 
 0.013000  0.991333 -0.009613 -0.212915 0.174646 -0.321982; 
 0.012177  0.980347 -0.009247 -0.213698 0.174124 -0.322504; 
 0.007141  0.973480 -0.007782 -0.212959 0.172385 -0.321764; 
 0.004211  0.982269 -0.006226 -0.211741 0.173863 -0.321677; 
 0.010254  0.980072 -0.007324 -0.212698 0.174559 -0.321416; 
 0.013275  0.981812 -0.007874 -0.214089 0.173602 -0.322243; 
 0.010712  0.980347 -0.005219 -0.212611 0.173515 -0.322025; 
 0.006317  0.973846 -0.008789 -0.211741 0.174037 -0.321243; 
 0.007233  0.975311 -0.005585 -0.213350 0.174820 -0.322112; 
 0.008698  0.980438 -0.007874 -0.214481 0.172993 -0.322199; 
 0.012268  0.982086 -0.006775 -0.212176 0.173341 -0.321808; 
 0.009338  0.974670 -0.008972 -0.212089 0.174124 -0.321721; 
 0.008698  0.979797 -0.007690 -0.213785 0.174211 -0.322025; 
 0.006317  0.981995 -0.006226 -0.213872 0.172037 -0.322286; 
 0.009430  0.978607 -0.007599 -0.212437 0.173776 -0.321243; 
 0.011444  0.982910 -0.007050 -0.212263 0.174646 -0.321199; 
 0.008698  0.983917 -0.005676 -0.214046 0.173602 -0.322460; 
 0.008698  0.979523 -0.006775 -0.214394 0.172993 -0.321677; 
 0.007965  0.975769 -0.005768 -0.212002 0.173776 -0.321199; 
 0.009155  0.979889 -0.008423 -0.213002 0.174472 -0.322243; 
 0.011078  0.982178 -0.009705 -0.214176 0.173863 -0.321895; 
 0.008514  0.979156 -0.007782 -0.213350 0.172428 -0.322504; 
 0.006500  0.978790 -0.006317 -0.212263 0.174124 -0.321199; 
 0.009796  0.980530 -0.008331 -0.212785 0.174733 -0.321243; 
 0.009430  0.976227 -0.006226 -0.214698 0.172776 -0.322330; 
 0.011078  0.983551 -0.006866 -0.213611 0.173080 -0.321851; 
 0.010254  0.981537 -0.007324 -0.211132 0.174385 -0.321808; 
 0.006592  0.977142 -0.007874 -0.214046 0.174037 -0.321677; 
 0.008972  0.979523 -0.007599 -0.215220 0.173254 -0.322286; 
 0.009155  0.981628 -0.008057 -0.212698 0.171863 -0.321199; 
 0.010803  0.981354 -0.009247 -0.212002 0.173863 -0.321025; 
 0.009613  0.978882 -0.008240 -0.213611 0.173950 -0.321764; 
 0.006866  0.980621 -0.008698 -0.214742 0.172298 -0.321590; 
 0.009064  0.976776 -0.008331 -0.212437 0.173602 -0.321677; 
 0.009430  0.978149 -0.008057 -0.212002 0.174211 -0.321503; 
 0.009247  0.981445 -0.005859 -0.214133 0.173341 -0.322112; 
 0.008698  0.980255 -0.006958 -0.213959 0.172906 -0.322025; 
 0.008789  0.977417 -0.007782 -0.212176 0.173254 -0.321112; 
 0.008423  0.979706 -0.007690 -0.213176 0.174385 -0.321503; 
 0.010071  0.982635 -0.007233 -0.214263 0.174385 -0.321895; 
 0.009338  0.980988 -0.008057 -0.213524 0.172037 -0.321764; 
 0.008331  0.978973 -0.008972 -0.212002 0.174298 -0.321677; 
 0.009705  0.979340 -0.008698 -0.212785 0.174472 -0.321677; 
 0.008972  0.979980 -0.007690 -0.214481 0.172559 -0.322547; 
 0.009796  0.979614 -0.006958 -0.213524 0.172689 -0.321808; 
 0.008240  0.975037 -0.007141 -0.211349 0.174385 -0.321199; 
 0.009155  0.982086 -0.007690 -0.213350 0.173950 -0.322025; 
 0.008423  0.982269 -0.008789 -0.214959 0.173341 -0.321677; 
 0.010071  0.980255 -0.006409 -0.211828 0.172993 -0.321677; 
 0.009338  0.980072 -0.006866 -0.212263 0.174646 -0.321025; 
 0.010071  0.981171 -0.008240 -0.213872 0.174211 -0.321677; 
 0.008331  0.976685 -0.007599 -0.214046 0.171863 -0.322460; 
 0.009155  0.980438 -0.007599 -0.213263 0.173515 -0.321416; 
 0.009705  0.980072 -0.006042 -0.211741 0.174733 -0.321503; 
 0.008514  0.979065 -0.007416 -0.213959 0.173080 -0.322112; 
 0.009705  0.980988 -0.008240 -0.213872 0.172863 -0.322156; 
 0.007507  0.978333 -0.007233 -0.211089 0.173428 -0.321677; 
 0.007690  0.980988 -0.006134 -0.213176 0.174385 -0.321416; 
 0.009705  0.976593 -0.007324 -0.213785 0.173776 -0.322112; 
 0.009613  0.978607 -0.008057 -0.213176 0.172124 -0.321764; 
 0.008881  0.980896 -0.007690 -0.212437 0.174037 -0.321416; 
 0.008972  0.977875 -0.006866 -0.212959 0.175124 -0.321764; 
 0.007324  0.978516 -0.007416 -0.214742 0.172820 -0.322373; 
 0.010620  0.982910 -0.005493 -0.212611 0.173254 -0.322025; 
 0.009247  0.976685 -0.007507 -0.211741 0.173776 -0.321329; 
 0.008881  0.979340 -0.007690 -0.213872 0.173776 -0.321851; 
 0.009796  0.981171 -0.007233 -0.214481 0.173689 -0.322547; 
 0.007599  0.976227 -0.007599 -0.212785 0.172124 -0.321677; 
 0.008240  0.979523 -0.007599 -0.211741 0.174472 -0.321416; 
 0.011810  0.983093 -0.006592 -0.214046 0.174037 -0.321503; 
 0.008789  0.974670 -0.007965 -0.213959 0.172472 -0.322025; 
 0.009796  0.979156 -0.007050 -0.212393 0.173341 -0.322330; 
 0.008514  0.981354 -0.005859 -0.211915 0.174907 -0.321243; 
 0.010345  0.979340 -0.007782 -0.213872 0.172993 -0.322460; 
 0.009705  0.979523 -0.008331 -0.213698 0.172906 -0.322199; 
 0.008789  0.981445 -0.006775 -0.211654 0.173689 -0.321329; 
 0.007324  0.978516 -0.007874 -0.213263 0.174124 -0.321938; 
 0.007599  0.979156 -0.008240 -0.214263 0.173428 -0.322330; 
 0.010162  0.980530 -0.006042 -0.212872 0.172646 -0.322460; 
 0.010345  0.980530 -0.007874 -0.211915 0.173602 -0.321851; 
 0.010071  0.982910 -0.006866 -0.213263 0.175255 -0.321982; 
 0.008148  0.979797 -0.007416 -0.213959 0.172385 -0.322634; 
 0.006409  0.979065 -0.007690 -0.212785 0.172646 -0.321503; 
 0.009705  0.979614 -0.008148 -0.211306 0.174298 -0.321547; 
 0.009430  0.979706 -0.007874 -0.213872 0.173602 -0.321677; 
 0.010712  0.979248 -0.006500 -0.214437 0.173602 -0.322504; 
 0.008240  0.979523 -0.008148 -0.211741 0.172472 -0.322112; 
 0.006958  0.977783 -0.008148 -0.212176 0.174298 -0.321503; 
 0.010529  0.980438 -0.008331 -0.213785 0.174037 -0.322025; 
 0.009521  0.981628 -0.006317 -0.213350 0.172037 -0.322460; 
 0.009796  0.978424 -0.006592 -0.211915 0.173776 -0.321851; 
 0.008057  0.975403 -0.006958 -0.211654 0.174646 -0.321112; 
 0.007965  0.980164 -0.006958 -0.213959 0.173080 -0.322112; 
 0.009979  0.980988 -0.007416 -0.213350 0.172646 -0.322025; 
 0.008881  0.978333 -0.007874 -0.210915 0.173080 -0.321851; 
 0.008240  0.982544 -0.008881 -0.212959 0.173950 -0.321590; 
 0.009247  0.977234 -0.008789 -0.214002 0.173776 -0.322504; 
 0.008606  0.976776 -0.007874 -0.213176 0.172341 -0.321721; 
 0.011353  0.985199 -0.007233 -0.211828 0.173863 -0.321895; 
 0.010712  0.980804 -0.005219 -0.212611 0.174994 -0.321677; 
 0.007965  0.973480 -0.008423 -0.214394 0.172037 -0.322460; 
 0.008423  0.980164 -0.007141 -0.212785 0.173080 -0.322634; 
 0.008514  0.980164 -0.007690 -0.212002 0.174124 -0.321329; 
 0.010803  0.980164 -0.006317 -0.213524 0.174298 -0.322504; 
 0.009338  0.981445 -0.007416 -0.214133 0.172646 -0.322112; 
 0.009796  0.977509 -0.006592 -0.211915 0.172733 -0.322112; 
 0.008514  0.976593 -0.007507 -0.211741 0.174994 -0.322417; 
 0.009613  0.979980 -0.006226 -0.213698 0.173776 -0.321938; 
 0.008606  0.982819 -0.007050 -0.213611 0.172037 -0.322721; 
 0.009155  0.978424 -0.007141 -0.212089 0.173428 -0.321677; 
 0.008514  0.975128 -0.007782 -0.211828 0.174907 -0.321590; 
 0.008057  0.980804 -0.007507 -0.213350 0.172950 -0.322678; 
 0.009155  0.982727 -0.007874 -0.213785 0.172211 -0.322199; 
 0.008881  0.978424 -0.007599 -0.211349 0.173689 -0.321851; 
 0.008331  0.974670 -0.007965 -0.213176 0.173863 -0.322112; 
 0.008606  0.981079 -0.007050 -0.214176 0.174211 -0.322591; 
 0.010254  0.981262 -0.007416 -0.212915 0.171819 -0.322765; 
 0.009155  0.980255 -0.008240 -0.211915 0.173689 -0.321895; 
 0.011169  0.982910 -0.006775 -0.212480 0.174646 -0.322504; 
 0.008423  0.976044 -0.006683 -0.214220 0.172124 -0.322808; 
 0.009521  0.979523 -0.006958 -0.212524 0.173080 -0.321677; 
 0.008698  0.980804 -0.007050 -0.211567 0.174211 -0.321982; 
 0.010071  0.979523 -0.008972 -0.213872 0.173428 -0.322199; 
 0.011169  0.979065 -0.007507 -0.213872 0.173080 -0.323069; 
 0.007507  0.979706 -0.008148 -0.212002 0.172037 -0.322025; 
 0.008606  0.979340 -0.006500 -0.211741 0.174124 -0.321764; 
 0.009430  0.980255 -0.007599 -0.213263 0.173776 -0.322634; 
 0.009064  0.981903 -0.006317 -0.213437 0.171776 -0.322286; 
 0.011169  0.978058 -0.005493 -0.212089 0.173254 -0.321851; 
 0.008698  0.978790 -0.008148 -0.211176 0.174385 -0.322025; 
 0.008698  0.979980 -0.006958 -0.213872 0.172472 -0.322721; 
 0.008972  0.981995 -0.008240 -0.213089 0.172341 -0.322765; 
 0.008789  0.976318 -0.007874 -0.211176 0.173080 -0.321851; 
 0.008606  0.977142 -0.009155 -0.212611 0.173950 -0.322025; 
 0.010712  0.984283 -0.006592 -0.213611 0.173428 -0.322852; 
 0.009064  0.979065 -0.006500 -0.212524 0.172124 -0.322721; 
 0.009613  0.977509 -0.007233 -0.211480 0.174298 -0.322504; 
 0.009521  0.983276 -0.006500 -0.212437 0.173863 -0.322025; 
 0.009338  0.983002 -0.007507 -0.213959 0.172124 -0.322721; 
 0.009613  0.980896 -0.006775 -0.212350 0.172733 -0.322373; 
 0.008606  0.981628 -0.007507 -0.211089 0.173863 -0.321677; 
 0.009796  0.980530 -0.006409 -0.213046 0.173515 -0.322808; 
 0.008789  0.977417 -0.008789 -0.214394 0.172733 -0.322373; 
 0.008881  0.979523 -0.006500 -0.211654 0.172472 -0.322547; 
 0.007782  0.979248 -0.006500 -0.211915 0.173428 -0.322025; 
 0.009430  0.974670 -0.005676 -0.213176 0.173950 -0.322634; 
 0.009796  0.977234 -0.005951 -0.213350 0.171950 -0.323069; 
 0.009338  0.981445 -0.005768 -0.211567 0.173515 -0.321851; 
 0.009430  0.979248 -0.007324 -0.211828 0.174472 -0.322112; 
 0.008057  0.979980 -0.007874 -0.213872 0.172733 -0.323243; 
 0.009155  0.979706 -0.007050 -0.213263 0.172689 -0.322678; 
 0.008972  0.979248 -0.008057 -0.211263 0.173080 -0.322025; 
 0.009796  0.983093 -0.006775 -0.212350 0.173950 -0.322547; 
 0.010986  0.980804 -0.007874 -0.213611 0.172950 -0.323156; 
 0.008789  0.978333 -0.008514 -0.212263 0.171602 -0.322634; 
 0.007507  0.978790 -0.007965 -0.211567 0.173863 -0.321938; 
 0.008514  0.981079 -0.008881 -0.212263 0.174385 -0.322895; 
 0.007599  0.979156 -0.007141 -0.213872 0.172341 -0.323026; 
 0.010529  0.979706 -0.005585 -0.212176 0.173428 -0.322939; 
 0.009338  0.976044 -0.006592 -0.211263 0.173950 -0.322025; 
 0.008698  0.977875 -0.007599 -0.212959 0.173602 -0.322373; 
 0.009613  0.980713 -0.007141 -0.214046 0.172646 -0.322982; 
 0.007324  0.977875 -0.007965 -0.211828 0.172211 -0.322547; 
 0.009155  0.981079 -0.008057 -0.211002 0.174211 -0.322025; 
 0.010162  0.985565 -0.006958 -0.212698 0.173428 -0.322547; 
 0.008606  0.981171 -0.006500 -0.213350 0.171689 -0.322982; 
 0.008606  0.979065 -0.006317 -0.211089 0.173515 -0.322547; 
 0.008606  0.981812 -0.007050 -0.211741 0.174298 -0.322373; 
 0.009888  0.978333 -0.007233 -0.213437 0.172689 -0.323026; 
 0.008514  0.978607 -0.007599 -0.213437 0.172037 -0.322808; 
 0.009521  0.982361 -0.007324 -0.211306 0.172689 -0.322591; 
 0.010071  0.982178 -0.006866 -0.212002 0.173863 -0.323069; 
 0.009338  0.978424 -0.007141 -0.213524 0.173341 -0.322982; 
 0.009155  0.979340 -0.006683 -0.212263 0.171950 -0.322808; 
 0.007782  0.978973 -0.007141 -0.211263 0.173602 -0.322286; 
 0.009705  0.978424 -0.007782 -0.212524 0.174037 -0.322286; 
 0.008057  0.978607 -0.008331 -0.213785 0.171950 -0.323417; 
 0.010345  0.982910 -0.008240 -0.212263 0.172428 -0.322765; 
 0.010071  0.980347 -0.007233 -0.210567 0.174472 -0.322765; 
 0.008606  0.981445 -0.006500 -0.212872 0.173341 -0.323156; 
 0.008240  0.979797 -0.006683 -0.213437 0.173080 -0.323243; 
 0.009979  0.980164 -0.008789 -0.211306 0.172341 -0.323069; 
 0.009338  0.979248 -0.006317 -0.210958 0.174211 -0.322591; 
 0.010803  0.981354 -0.007874 -0.212437 0.173863 -0.322982; 
 0.008514  0.977966 -0.006958 -0.213176 0.171037 -0.322895; 
 0.009338  0.978607 -0.007874 -0.211828 0.172646 -0.322460; 
 0.009796  0.979797 -0.006500 -0.210828 0.174559 -0.322199; 
 0.009155  0.982086 -0.007507 -0.212959 0.172298 -0.323504; 
 0.009705  0.980072 -0.005951 -0.213263 0.172820 -0.322895; 
 0.008148  0.976501 -0.008698 -0.210915 0.172646 -0.322373; 
 0.009338  0.982635 -0.008240 -0.212263 0.173863 -0.323156; 
 0.010071  0.981262 -0.006683 -0.212959 0.173515 -0.323156; 
 0.008698  0.979797 -0.006958 -0.212350 0.172211 -0.323069; 
 0.010254  0.981445 -0.005585 -0.211263 0.174211 -0.322286; 
 0.010071  0.983185 -0.007050 -0.212393 0.174472 -0.322939; 
 0.008240  0.975586 -0.006866 -0.214046 0.172559 -0.323243; 
 0.008972  0.980713 -0.008331 -0.212002 0.172559 -0.323417; 
 0.009064  0.983643 -0.007965 -0.211176 0.173254 -0.322286; 
 0.008789  0.979980 -0.006226 -0.212350 0.173689 -0.323504; 
 0.009888  0.976135 -0.007874 -0.213698 0.172515 -0.323678; 
 0.008698  0.979065 -0.007690 -0.211567 0.172298 -0.322721; 
 0.009155  0.979340 -0.006409 -0.211176 0.173950 -0.322895; 
 0.011169  0.978882 -0.006134 -0.212611 0.174211 -0.322982; 
 0.009155  0.980530 -0.006775 -0.212785 0.171950 -0.323765; 
 0.009796  0.981171 -0.006500 -0.211176 0.172820 -0.322808; 
 0.008331  0.977325 -0.007965 -0.211393 0.174211 -0.323156; 
 0.008423  0.980164 -0.007233 -0.213263 0.172559 -0.323069; 
 0.009979  0.983551 -0.007599 -0.213263 0.172428 -0.323678; 
 0.009064  0.977692 -0.008789 -0.210741 0.172733 -0.322547; 
 0.008789  0.976501 -0.008057 -0.212350 0.173689 -0.322895; 
 0.009338  0.980896 -0.007416 -0.213263 0.172820 -0.323330; 
 0.008972  0.979523 -0.007874 -0.211915 0.171471 -0.323591; 
 0.007965  0.981995 -0.007233 -0.211567 0.173776 -0.322895; 
 0.010986  0.981171 -0.007141 -0.211828 0.174211 -0.322808; 
 0.009705  0.975952 -0.009064 -0.213437 0.171384 -0.323852; 
 0.009521  0.981171 -0.006226 -0.212350 0.172559 -0.323156; 
 0.010254  0.980713 -0.006500 -0.210393 0.173689 -0.322634; 
 0.007782  0.979523 -0.007050 -0.213263 0.172733 -0.323417; 
 0.009796  0.978241 -0.006226 -0.213437 0.172906 -0.323678; 
 0.009155  0.982544 -0.007416 -0.211436 0.171863 -0.323243; 
 0.010986  0.981262 -0.007233 -0.211480 0.174037 -0.323069; 
 0.010712  0.983917 -0.007050 -0.212480 0.173863 -0.323591; 
 0.009155  0.980164 -0.007690 -0.213785 0.171645 -0.323417; 
 0.009155  0.977966 -0.007324 -0.211263 0.173080 -0.323156; 
 0.008972  0.978149 -0.007599 -0.211263 0.173602 -0.323243; 
 0.008148  0.977966 -0.005493 -0.213785 0.173080 -0.323504; 
 0.009338  0.978607 -0.005951 -0.213046 0.172906 -0.323330; 
 0.010071  0.974670 -0.005493 -0.211089 0.173428 -0.322982; 
 0.009521  0.980988 -0.007690 -0.212002 0.174124 -0.323069; 
 0.009338  0.982361 -0.007324 -0.213524 0.172950 -0.323591; 
 0.008698  0.978333 -0.008148 -0.212350 0.171863 -0.323417; 
 0.008423  0.975861 -0.006409 -0.211567 0.173863 -0.322982; 
 0.009430  0.981445 -0.008698 -0.212567 0.173950 -0.323156; 
 0.009979  0.981628 -0.005951 -0.213698 0.172211 -0.323852; 
 0.009613  0.979156 -0.006409 -0.212176 0.172559 -0.323156; 
 0.008789  0.977600 -0.008972 -0.210828 0.173602 -0.322634; 
 0.007050  0.978516 -0.007507 -0.212959 0.173167 -0.323678; 
 0.009064  0.980621 -0.007599 -0.213785 0.172646 -0.323417; 
 0.010071  0.978699 -0.007050 -0.211436 0.172733 -0.323243; 
 0.009613  0.980255 -0.006500 -0.211089 0.173863 -0.322634; 
 0.011261  0.980255 -0.007324 -0.213046 0.173863 -0.323591; 
 0.007416  0.975586 -0.007141 -0.212611 0.171863 -0.324374; 
 0.009247  0.983459 -0.006500 -0.211567 0.173167 -0.322982; 
 0.009430  0.983276 -0.005768 -0.211089 0.174820 -0.322808; 
 0.008698  0.978973 -0.008148 -0.212915 0.172080 -0.323939; 
 0.009430  0.978882 -0.007141 -0.212872 0.172820 -0.323243; 
 0.008698  0.980988 -0.008881 -0.210654 0.172863 -0.323330; 
 0.008606  0.981903 -0.006042 -0.212176 0.174211 -0.323156; 
 0.010529  0.980713 -0.006226 -0.212959 0.173863 -0.323591; 
 0.009705  0.976501 -0.007599 -0.212176 0.171950 -0.323591; 
 0.009155  0.979706 -0.007233 -0.211089 0.173689 -0.322634; 
 0.009979  0.984283 -0.006866 -0.211915 0.173689 -0.323591; 
 0.007233  0.979980 -0.006500 -0.213698 0.172211 -0.323765; 
 0.009521  0.980896 -0.007690 -0.211828 0.172820 -0.323504; 
 0.009613  0.977692 -0.007965 -0.210393 0.173254 -0.322982; 
 0.009338  0.982452 -0.006866 -0.213002 0.173124 -0.323852; 
 0.009521  0.983185 -0.006866 -0.213002 0.173428 -0.324200; 
 0.007965  0.979523 -0.006042 -0.211349 0.172559 -0.323330; 
 0.008514  0.976410 -0.008514 -0.211436 0.173428 -0.323504; 
 0.008972  0.978149 -0.006866 -0.212959 0.174298 -0.323852; 
 0.008423  0.978882 -0.006683 -0.213785 0.171689 -0.324026; 
 0.009613  0.977234 -0.005676 -0.211263 0.173341 -0.323765; 
 0.008972  0.977966 -0.007782 -0.211654 0.174124 -0.323330; 
 0.009613  0.977417 -0.007599 -0.212959 0.172472 -0.324374; 
 0.009705  0.981628 -0.006500 -0.212785 0.172820 -0.323765; 
 0.009430  0.978149 -0.008972 -0.211089 0.172559 -0.322982; 
 0.009064  0.980988 -0.007416 -0.212350 0.173776 -0.323504; 
 0.010986  0.981720 -0.008423 -0.213872 0.172863 -0.324026; 
 0.009430  0.978333 -0.006866 -0.212263 0.172124 -0.323678; 
 0.008789  0.982269 -0.006958 -0.211263 0.172906 -0.323417; 
 0.009796  0.981171 -0.006042 -0.212872 0.174037 -0.323939; 
 0.008514  0.978333 -0.008057 -0.213959 0.172124 -0.324113; 
 0.010071  0.980988 -0.007874 -0.212089 0.172124 -0.323504; 
 0.009613  0.979248 -0.006775 -0.210958 0.174211 -0.323156; 
 0.007782  0.978149 -0.006775 -0.213046 0.172733 -0.323591; 
 0.010071  0.979614 -0.007874 -0.213785 0.172298 -0.323678; 
 0.009888  0.976959 -0.006866 -0.211176 0.172385 -0.323330; 
 0.007507  0.979248 -0.007507 -0.211567 0.174124 -0.322634; 
 0.009979  0.982361 -0.006500 -0.213176 0.174298 -0.323765; 
 0.009064  0.982635 -0.005859 -0.213176 0.171776 -0.323852; 
 0.008789  0.977600 -0.008057 -0.211828 0.172906 -0.322982; 
 0.008881  0.976959 -0.006500 -0.211349 0.174124 -0.323678; 
 0.009247  0.982910 -0.006592 -0.213002 0.172602 -0.324374; 
 0.011444  0.982086 -0.006592 -0.213176 0.172515 -0.324113; 
 0.008240  0.976227 -0.008057 -0.210741 0.173776 -0.323156; 
 0.009155  0.979248 -0.008148 -0.212350 0.173689 -0.323591; 
 0.009796  0.980255 -0.008057 -0.213698 0.172993 -0.324200; 
 0.008698  0.979340 -0.006683 -0.212524 0.171210 -0.323504; 
 0.009338  0.981171 -0.006775 -0.211436 0.173776 -0.323069; 
 0.010529  0.979614 -0.007782 -0.212785 0.173776 -0.323765; 
 0.008789  0.974579 -0.007599 -0.213524 0.171950 -0.323939; 
 0.009338  0.981079 -0.007507 -0.211654 0.173124 -0.323939; 
 0.008881  0.980713 -0.007874 -0.211263 0.173689 -0.322547; 
 0.009155  0.979340 -0.007507 -0.212915 0.173602 -0.323765; 
 0.008698  0.977417 -0.008331 -0.213611 0.172298 -0.324287; 
 0.007782  0.977234 -0.006958 -0.211002 0.172820 -0.323243; 
 0.009796  0.983459 -0.007233 -0.211436 0.173863 -0.323765; 
 0.010895  0.977692 -0.005859 -0.213785 0.174037 -0.323765; 
 0.009155  0.978607 -0.006226 -0.213176 0.172124 -0.323939; 
 0.010712  0.979706 -0.006775 -0.211045 0.173254 -0.324026; 
 0.009613  0.980896 -0.007416 -0.211828 0.174907 -0.323069; 
 0.009430  0.978882 -0.007782 -0.213263 0.172211 -0.324287; 
 0.009338  0.981171 -0.006958 -0.212698 0.172733 -0.323591; 
 0.010529  0.980072 -0.006866 -0.210741 0.173776 -0.322634; 
 0.008514  0.979065 -0.008514 -0.212959 0.173341 -0.323504; 
 0.009796  0.981903 -0.007141 -0.213785 0.173254 -0.323852; 
 0.008789  0.979614 -0.005859 -0.212089 0.171689 -0.324200; 
 0.009155  0.980438 -0.007599 -0.211567 0.173689 -0.323069; 
 0.010620  0.979431 -0.007416 -0.212263 0.174298 -0.323852; 
 0.009247  0.983276 -0.005402 -0.213437 0.171950 -0.323678; 
 0.010712  0.982452 -0.005951 -0.211828 0.173341 -0.323156; 
 0.007874  0.977875 -0.009247 -0.210828 0.173776 -0.323330; 
 0.008698  0.980621 -0.008057 -0.213524 0.172820 -0.323939; 
 0.009521  0.981812 -0.007874 -0.213046 0.172646 -0.324200; 
 0.010345  0.979889 -0.009521 -0.211306 0.172254 -0.323852; 
 0.010254  0.982086 -0.007416 -0.211741 0.173689 -0.323156; 
 0.010529  0.983185 -0.007507 -0.213524 0.173428 -0.324548; 
 0.007782  0.976044 -0.006500 -0.213046 0.171471 -0.324026; 
 0.007965  0.981812 -0.007690 -0.211654 0.173428 -0.323330; 
 0.010437  0.981812 -0.006775 -0.211828 0.173863 -0.323591; 
 0.008972  0.977966 -0.006775 -0.213872 0.172863 -0.324374; 
 0.010529  0.981812 -0.007874 -0.212611 0.172211 -0.324374; 
 0.009155  0.978333 -0.008057 -0.211089 0.173080 -0.323678; 
 0.008423  0.979523 -0.006317 -0.212437 0.173863 -0.323939; 
 0.009796  0.982910 -0.007233 -0.213785 0.172776 -0.324722; 
 0.009338  0.980713 -0.006500 -0.212002 0.172472 -0.323330; 
 0.009705  0.976959 -0.009430 -0.210480 0.173602 -0.323417; 
 0.008423  0.983276 -0.007965 -0.212872 0.173950 -0.323852; 
 0.009064  0.980438 -0.006775 -0.213611 0.171471 -0.324374; 
 0.008972  0.975586 -0.008881 -0.212176 0.172820 -0.323765; 
 0.010254  0.979797 -0.007141 -0.211002 0.173689 -0.323591; 
 0.009796  0.982819 -0.006317 -0.213437 0.173167 -0.324113; 
 0.009613  0.980255 -0.007874 -0.213524 0.172646 -0.324374; 
 0.008057  0.978333 -0.007690 -0.210741 0.173254 -0.323939; 
 0.007690  0.979980 -0.007416 -0.211828 0.173689 -0.323591; 
 0.008972  0.977509 -0.007324 -0.213611 0.174037 -0.323939; 
 0.010071  0.983185 -0.008148 -0.212654 0.171819 -0.324548; 
 0.010345  0.982727 -0.007965 -0.212263 0.173515 -0.323765; 
 0.008972  0.979797 -0.008331 -0.211741 0.174559 -0.323591; 
 0.008240  0.978149 -0.008240 -0.213785 0.171906 -0.324287; 
 0.009064  0.980896 -0.007690 -0.212524 0.172906 -0.323852; 
 0.009521  0.981903 -0.006042 -0.210828 0.173515 -0.323852; 
 0.009064  0.979523 -0.005951 -0.212785 0.173602 -0.324026; 
 0.009521  0.980988 -0.007690 -0.213959 0.172993 -0.324374; 
 0.007141  0.975494 -0.008148 -0.211828 0.171471 -0.323678; 
 0.010071  0.980804 -0.008240 -0.211915 0.173863 -0.323939; 
 0.011353  0.985291 -0.006134 -0.212567 0.174385 -0.323852; 
 0.008514  0.977875 -0.007141 -0.213524 0.172733 -0.324287; 
 0.009613  0.975311 -0.006866 -0.211828 0.173254 -0.323852; 
 0.008331  0.981354 -0.007050 -0.211176 0.174037 -0.323243; 
 0.009979  0.981628 -0.006409 -0.213437 0.173428 -0.324113; 
 0.010345  0.978241 -0.006866 -0.213046 0.173080 -0.324287; 
 0.008240  0.978607 -0.006500 -0.211263 0.172906 -0.323243; 
 0.007874  0.979523 -0.008057 -0.211828 0.174211 -0.324374; 
 0.008698  0.979980 -0.008331 -0.213698 0.173080 -0.323591; 
 0.009979  0.978882 -0.005951 -0.212959 0.171950 -0.324026; 
 0.009613  0.979248 -0.008057 -0.210828 0.173602 -0.323939; 
 0.010620  0.978149 -0.007782 -0.212176 0.173950 -0.323330; 
 0.007599  0.978607 -0.008148 -0.213785 0.172211 -0.324461; 
 0.007874  0.982361 -0.005402 -0.212524 0.172820 -0.323765; 
 0.009155  0.979523 -0.007599 -0.211089 0.173254 -0.323504; 
 0.008972  0.979980 -0.007599 -0.212263 0.174124 -0.324026; 
 0.009521  0.980896 -0.007599 -0.213959 0.172733 -0.324200; 
 0.007233  0.980255 -0.007233 -0.211741 0.171863 -0.323765; 
 0.009338  0.975403 -0.006134 -0.211436 0.174298 -0.323243; 
 0.009796  0.980438 -0.007416 -0.212611 0.174559 -0.323939; 
 0.009888  0.978607 -0.008057 -0.213263 0.172037 -0.324548; 
 0.008606  0.979523 -0.006958 -0.211654 0.172820 -0.323330; 
 0.010620  0.980804 -0.008331 -0.210784 0.174298 -0.323852; 
 0.008698  0.981171 -0.007690 -0.213437 0.172820 -0.324374; 
 0.010895  0.983002 -0.007324 -0.212698 0.172646 -0.323765; 
 0.009613  0.977509 -0.007324 -0.210828 0.172906 -0.323765; 
 0.007782  0.979706 -0.006592 -0.211915 0.174385 -0.323591; 
 0.010071  0.978882 -0.008057 -0.213046 0.173602 -0.324548; 
 0.007507  0.979523 -0.008423 -0.212698 0.171689 -0.323852; 
 0.010986  0.981720 -0.007965 -0.211480 0.174298 -0.323330; 
 0.009430  0.978882 -0.008698 -0.211089 0.174298 -0.323504; 
 0.006866  0.979340 -0.007782 -0.214002 0.172167 -0.324026; 
 0.010162  0.982269 -0.005859 -0.211915 0.173254 -0.324287; 
 0.009064  0.979797 -0.006958 -0.211089 0.173863 -0.323069; 
 0.010071  0.977051 -0.007141 -0.212698 0.173602 -0.323939; 
 0.009613  0.981628 -0.007690 -0.214046 0.172820 -0.323939; 
 0.008423  0.981812 -0.006775 -0.211741 0.171950 -0.323591; 
 0.008423  0.980896 -0.008789 -0.211263 0.174037 -0.323765; 
 0.011169  0.980072 -0.008057 -0.212698 0.173515 -0.323678; 
 0.009430  0.977509 -0.007599 -0.213263 0.171863 -0.3240