FD=3
Warning! IMU sync sequence took longer than 4 bytes!!
-0.007599  0.981903  0.006226 0.031876 0.243574 -0.052620; 
-0.009064  0.981812  0.003754 0.030789 0.242356 -0.052881; 
-0.005493  0.980164  0.005219 0.032050 0.241225 -0.052794; 
-0.006775  0.976776  0.005310 0.032833 0.243400 -0.052272; 
-0.004944  0.982910  0.004486 0.031702 0.243487 -0.052446; 
-0.005768  0.983093  0.005676 0.030180 0.241486 -0.053403; 
-0.008240  0.981628  0.005768 0.031963 0.241747 -0.052533; 
-0.009338  0.981628  0.003937 0.033007 0.243052 -0.052359; 
-0.006500  0.983368  0.007050 0.031355 0.243574 -0.053142; 
-0.005035  0.983551  0.004761 0.030006 0.242356 -0.052881; 
-0.006042  0.982178  0.005951 0.032572 0.242095 -0.052881; 
-0.006409  0.980072  0.005035 0.032833 0.243052 -0.052185; 
-0.007782  0.980713  0.004211 0.031050 0.242965 -0.052707; 
-0.005951  0.981354  0.007233 0.030876 0.241399 -0.053142; 
-0.005676  0.980621  0.005035 0.032485 0.243313 -0.052098; 
-0.006226  0.981995  0.005585 0.032833 0.243748 -0.052359; 
-0.007324  0.978699  0.006409 0.030963 0.242965 -0.053229; 
-0.007965  0.980255  0.006042 0.030441 0.242530 -0.052968; 
-0.005127  0.981171  0.004211 0.033007 0.242747 -0.052055; 
-0.006134  0.983551  0.005219 0.032398 0.243139 -0.052707; 
-0.005219  0.978790  0.005127 0.030528 0.243226 -0.053403; 
-0.007050  0.977692  0.004303 0.031615 0.240617 -0.052707; 
-0.007690  0.979065  0.004944 0.032746 0.243487 -0.052185; 
-0.006226  0.981537  0.005493 0.031876 0.243835 -0.052968; 
-0.005768  0.983093  0.005219 0.030876 0.242008 -0.053142; 
-0.007599  0.982452  0.005585 0.031224 0.241747 -0.052707; 
-0.006866  0.981445  0.004303 0.033268 0.242791 -0.052446; 
-0.006958  0.980896  0.007782 0.030963 0.243139 -0.053055; 
-0.005859  0.982452  0.003845 0.030615 0.242269 -0.053142; 
-0.005676  0.980072  0.005219 0.032398 0.241312 -0.052446; 
-0.006042  0.978973  0.003479 0.032224 0.243487 -0.052620; 
-0.007782  0.977966  0.005035 0.031789 0.243922 -0.052968; 
-0.007965  0.978241  0.004669 0.030615 0.241486 -0.053229; 
-0.006226  0.980347  0.006134 0.032572 0.242791 -0.052620; 
-0.005585  0.978058  0.004852 0.033268 0.243487 -0.052533; 
-0.004211  0.980804  0.004578 0.030528 0.242095 -0.053316; 
-0.006317  0.979614  0.004486 0.031137 0.241660 -0.052968; 
-0.007050  0.984741  0.004211 0.032572 0.242443 -0.052446; 
-0.006226  0.982452  0.006134 0.032485 0.243574 -0.052533; 
-0.007507  0.982178  0.004395 0.031137 0.243139 -0.053142; 
-0.006042  0.984100  0.005676 0.031355 0.240965 -0.052968; 
-0.007324  0.979431  0.005402 0.033007 0.243052 -0.052794; 
-0.006134  0.982452  0.004303 0.032050 0.243574 -0.052620; 
-0.004578  0.980804  0.005768 0.030354 0.241921 -0.053490; 
-0.005219  0.981628  0.004395 0.031876 0.242008 -0.052707; 
-0.006775  0.980804  0.004486 0.033094 0.242791 -0.052533; 
-0.006409  0.983734  0.005493 0.031181 0.242661 -0.052881; 
-0.007599  0.981262  0.004852 0.030267 0.242791 -0.052794; 
-0.006866  0.980621  0.005402 0.032137 0.242182 -0.052620; 
-0.004578  0.980621  0.005310 0.032920 0.243835 -0.052055; 
-0.006409  0.980530  0.004578 0.030615 0.243835 -0.052968; 
-0.006866  0.981720  0.005859 0.030441 0.241312 -0.053316; 
-0.005676  0.979431  0.004852 0.032137 0.242443 -0.052272; 
-0.008514  0.982086  0.004395 0.032920 0.243139 -0.052185; 
-0.005585  0.982269  0.006866 0.030528 0.242704 -0.052968; 
-0.005493  0.981262  0.005493 0.030876 0.242182 -0.052881; 
-0.005676  0.980347  0.005035 0.032920 0.241399 -0.052620; 
-0.007965  0.977692  0.005402 0.031963 0.243313 -0.052620; 
-0.007324  0.979889  0.004669 0.030354 0.242530 -0.052881; 
-0.004211  0.982086  0.006866 0.031441 0.241486 -0.052794; 
-0.005585  0.981995  0.003204 0.032311 0.242878 -0.052446; 
-0.007050  0.980804  0.005402 0.032485 0.243661 -0.052707; 
-0.010254  0.979248  0.004211 0.029832 0.241399 -0.052794; 
-0.007233  0.981354  0.007507 0.031702 0.242269 -0.052968; 
-0.005493  0.982910  0.004761 0.033268 0.242878 -0.052272; 
-0.003662  0.981171  0.005951 0.030702 0.242704 -0.052446; 
-0.007233  0.978973  0.004944 0.030354 0.242791 -0.053055; 
-0.005768  0.981354  0.005676 0.031615 0.241138 -0.052707; 
-0.007965  0.981262  0.005310 0.032920 0.242965 -0.052881; 
-0.005676  0.983368  0.004486 0.031137 0.243487 -0.052620; 
-0.006592  0.978973  0.004944 0.029745 0.241573 -0.053490; 
-0.005859  0.977966  0.004578 0.031963 0.242530 -0.052620; 
-0.008057  0.979889  0.005859 0.032833 0.243574 -0.052446; 
-0.005676  0.981537  0.005402 0.030267 0.242443 -0.052968; 
-0.006866  0.982361  0.004944 0.030702 0.242095 -0.052881; 
-0.005493  0.978973  0.005219 0.032224 0.241921 -0.052707; 
-0.007599  0.981903  0.007233 0.032398 0.243139 -0.052533; 
-0.007965  0.981628  0.005585 0.030441 0.243139 -0.052620; 
-0.006134  0.983551  0.004211 0.031137 0.240791 -0.053055; 
-0.005402  0.979156  0.004303 0.032398 0.242878 -0.052272; 
-0.006317  0.980804  0.003571 0.032398 0.243661 -0.052446; 
-0.004303  0.981812  0.005951 0.030528 0.242008 -0.053229; 
-0.006500  0.981903  0.006042 0.030789 0.241921 -0.052881; 
-0.006592  0.980347  0.004303 0.033181 0.242530 -0.052707; 
-0.007324  0.978882  0.005219 0.031963 0.243313 -0.052707; 
-0.006409  0.982178  0.004944 0.030267 0.242791 -0.052968; 
-0.005768  0.979431  0.006409 0.032224 0.241399 -0.053316; 
-0.007690  0.980438  0.003479 0.032137 0.242356 -0.052446; 
-0.005859  0.977325  0.004761 0.031528 0.243835 -0.052620; 
-0.006317  0.979614  0.004303 0.030441 0.241138 -0.053403; 
-0.007050  0.980988  0.006226 0.031268 0.242095 -0.052707; 
-0.007324  0.979431  0.004761 0.033268 0.243226 -0.052272; 
-0.006775  0.982269  0.006775 0.030876 0.242530 -0.052794; 
-0.006592  0.980072  0.005219 0.030702 0.242530 -0.053403; 
-0.005951  0.983276  0.004303 0.032920 0.241312 -0.052707; 
-0.004486  0.982269  0.004578 0.031963 0.242878 -0.052446; 
-0.006866  0.980988  0.005219 0.030876 0.243052 -0.052968; 
-0.006866  0.981995  0.005676 0.030180 0.240878 -0.053055; 
-0.006134  0.979340  0.005035 0.032485 0.242878 -0.052272; 
-0.008057  0.982910  0.005585 0.032746 0.243922 -0.052533; 
-0.005768  0.981537  0.005402 0.030267 0.241660 -0.053316; 
-0.005951  0.981537  0.005951 0.031528 0.241573 -0.053316; 
-0.007690  0.977692  0.005493 0.032485 0.242704 -0.052707; 
-0.004944  0.981812  0.007965 0.031528 0.243313 -0.053142; 
-0.007507  0.981445  0.005951 0.030006 0.242747 -0.053142; 
-0.006042  0.985657  0.006683 0.031876 0.241225 -0.053229; 
-0.005219  0.981537  0.004578 0.032398 0.243052 -0.052533; 
-0.008698  0.981628  0.005035 0.031224 0.243487 -0.052707; 
-0.007782  0.982635  0.004944 0.030441 0.241225 -0.053316; 
-0.006683  0.983185  0.005402 0.031963 0.241399 -0.052359; 
-0.005951  0.981262  0.005219 0.032572 0.242791 -0.052272; 
-0.004761  0.981262  0.005768 0.030876 0.242269 -0.053316; 
-0.008606  0.980988  0.004211 0.030093 0.242356 -0.052707; 
-0.006683  0.980804  0.005676 0.032398 0.241921 -0.052794; 
-0.007050  0.982635  0.004669 0.032050 0.243487 -0.052707; 
-0.005951  0.980072  0.004944 0.030789 0.243400 -0.053490; 
-0.006958  0.979340  0.004120 0.030702 0.240399 -0.053316; 
-0.005585  0.980438  0.006866 0.031876 0.242182 -0.052533; 
-0.006500  0.981720  0.006134 0.032746 0.243226 -0.052185; 
-0.006500  0.982727  0.007233 0.030615 0.242356 -0.053316; 
-0.006500  0.981903  0.005859 0.030441 0.242443 -0.052794; 
-0.007050  0.982819  0.004028 0.032920 0.242008 -0.052446; 
-0.007507  0.982361  0.004944 0.031050 0.243313 -0.052620; 
-0.006592  0.982635  0.004669 0.030354 0.243139 -0.053055; 
-0.004028  0.978973  0.006226 0.031702 0.240965 -0.052968; 
-0.005676  0.978699  0.004120 0.031789 0.243052 -0.052620; 
-0.007050  0.979340  0.005951 0.031876 0.243487 -0.052707; 
-0.007874  0.981445  0.006226 0.030093 0.241312 -0.053055; 
-0.006409  0.982452  0.005402 0.031441 0.241747 -0.053142; 
-0.008240  0.979797  0.004852 0.033094 0.243574 -0.052098; 
-0.005676  0.982269  0.005676 0.030441 0.242965 -0.052968; 
-0.007050  0.980713  0.004303 0.030441 0.242008 -0.052881; 
-0.004944  0.982910  0.004120 0.032398 0.241486 -0.052794; 
-0.006134  0.980804  0.004578 0.032224 0.243139 -0.052272; 
-0.008240  0.979614  0.005219 0.031050 0.243313 -0.052968; 
-0.005585  0.983002  0.006592 0.030528 0.240965 -0.053664; 
-0.007965  0.978149  0.005585 0.032659 0.242356 -0.052359; 
-0.007690  0.979889  0.005219 0.032398 0.243661 -0.051881; 
-0.004486  0.978333  0.005035 0.030354 0.241660 -0.053055; 
-0.006134  0.981445  0.005859 0.030789 0.242269 -0.052620; 
-0.006317  0.979797  0.004303 0.032398 0.242530 -0.052446; 
-0.006409  0.981720  0.005127 0.032311 0.242356 -0.052620; 
-0.006500  0.980072  0.004303 0.030267 0.242791 -0.052881; 
-0.006866  0.981445  0.004303 0.031137 0.241138 -0.052968; 
-0.007416  0.981537  0.006042 0.032572 0.242965 -0.052533; 
-0.007782  0.982361  0.005127 0.031528 0.243661 -0.052272; 
-0.004669  0.981354  0.007050 0.030093 0.241747 -0.052881; 
-0.006683  0.981995  0.004944 0.031137 0.241747 -0.052533; 
-0.006134  0.982178  0.004944 0.032920 0.243139 -0.052098; 
-0.006683  0.982910  0.006958 0.031224 0.242965 -0.053055; 
-0.006317  0.981720  0.004303 0.029919 0.242269 -0.053055; 
-0.007233  0.979889  0.004028 0.032398 0.241486 -0.052446; 
-0.006958  0.978241  0.004486 0.032224 0.243400 -0.052533; 
-0.006409  0.977875  0.006866 0.030789 0.243835 -0.052968; 
-0.004944  0.980621  0.003845 0.030267 0.240312 -0.052881; 
-0.005402  0.979889  0.005219 0.032224 0.243139 -0.052620; 
-0.006592  0.977600  0.004761 0.032485 0.243400 -0.052620; 
-0.005951  0.982727  0.005402 0.030180 0.242182 -0.053055; 
-0.005951  0.981079  0.005951 0.030528 0.241921 -0.053229; 
-0.008148  0.981903  0.004211 0.033007 0.241921 -0.052533; 
-0.005219  0.981537  0.006134 0.031050 0.243400 -0.052794; 
-0.006042  0.981262  0.003571 0.030615 0.242617 -0.052881; 
-0.006409  0.984283  0.004395 0.031050 0.241399 -0.052881; 
-0.006409  0.980896  0.006775 0.032659 0.242965 -0.052794; 
-0.006226  0.981903  0.005676 0.032224 0.243748 -0.052881; 
-0.006409  0.977783  0.006683 0.030093 0.241399 -0.053055; 
-0.007782  0.980988  0.006317 0.031876 0.242269 -0.052620; 
-0.005035  0.980164  0.005310 0.032746 0.243313 -0.052446; 
-0.006409  0.979614  0.006134 0.030615 0.242530 -0.052794; 
-0.005676  0.978058  0.005035 0.030006 0.242356 -0.052968; 
-0.007690  0.979523  0.004028 0.031876 0.240965 -0.052446; 
-0.006775  0.978882  0.003845 0.032398 0.243313 -0.052533; 
-0.006866  0.981537  0.004669 0.030876 0.243661 -0.052620; 
-0.005402  0.982452  0.007233 0.030876 0.240878 -0.052968; 
-0.006866  0.979706  0.005859 0.031963 0.242008 -0.052359; 
-0.006592  0.981537  0.005859 0.032659 0.243487 -0.052185; 
-0.006866  0.982269  0.006134 0.030528 0.242269 -0.053403; 
-0.007141  0.982178  0.007050 0.030180 0.242356 -0.052968; 
-0.005859  0.981445  0.003571 0.032920 0.242095 -0.052359; 
-0.005585  0.977966  0.004395 0.031876 0.243139 -0.052533; 
-0.007965  0.978424  0.004211 0.030180 0.243139 -0.053142; 
-0.004120  0.979706  0.005493 0.031355 0.240399 -0.053142; 
-0.006866  0.980988  0.004944 0.032311 0.243139 -0.051968; 
-0.006866  0.979797  0.005035 0.031876 0.243574 -0.052968; 
-0.005493  0.983551  0.006409 0.030137 0.241530 -0.053011; 
-0.005768  0.981079  0.006592 0.031355 0.242182 -0.052968; 
-0.007233  0.979980  0.005493 0.032877 0.242834 -0.052185; 
-0.005951  0.981720  0.006592 0.030615 0.243052 -0.052272; 
-0.006958  0.979889  0.004028 0.029919 0.241834 -0.053577; 
-0.007782  0.982361  0.005310 0.032398 0.241486 -0.052359; 
-0.004395  0.983826  0.005402 0.032659 0.243226 -0.052533; 
-0.006592  0.982452  0.004944 0.030876 0.242965 -0.053229; 
-0.005859  0.979431  0.004578 0.029745 0.240704 -0.053316; 
-0.007965  0.978516  0.006500 0.032050 0.242356 -0.052272; 
-0.006409  0.981079  0.005951 0.033181 0.242965 -0.052707; 
-0.006866  0.982178  0.006775 0.030006 0.242356 -0.053229; 
-0.004120  0.980896  0.005493 0.030789 0.242008 -0.053055; 
-0.007141  0.977783  0.003204 0.032485 0.242617 -0.052359; 
-0.006226  0.980988  0.005676 0.031702 0.243226 -0.053055; 
-0.008423  0.980988  0.003754 0.030093 0.242791 -0.052968; 
-0.005219  0.985199  0.004028 0.030876 0.240965 -0.053316; 
-0.006775  0.979431  0.005493 0.032659 0.242791 -0.052055; 
-0.007507  0.980621  0.006042 0.030789 0.244009 -0.052968; 
-0.005127  0.982269  0.007050 0.030180 0.241312 -